 0.0000000000000000E+00    0.0000000000000000E+00    0.0000000000000000E+00
 0.1464888467886403E-08    0.5970861129686793E-44    0.1258123767838079E-38
 0.3004883373589934E-08    0.2168463053227582E-42    0.2227489211312786E-37
 0.4623835506522379E-08    0.1870793177982293E-41    0.1248862510847416E-36
 0.6325793090290573E-08    0.8965794718638422E-41    0.4374869033656408E-36
 0.8115011905364052E-08    0.3115011738772262E-40    0.1184845631516634E-35
 0.9995965930742960E-08   -0.2252393776937113E-40    0.2727785502217331E-35
 0.1197335853123594E-07    0.1000225375393987E-39    0.5615330822813077E-35
 0.1405213421832203E-07    0.5100912718958163E-40    0.1065323225625756E-34
 0.1623749101400485E-07    0.2852270297160715E-39    0.1899278958108282E-34
 0.1853489344857512E-07    0.3606518518911427E-39    0.3224584218502205E-34
 0.2095008622478276E-07    0.8685183352262710E-39    0.5263285835726859E-34
 0.2348910858258601E-07    0.1329593514392176E-38    0.8317256586438592E-34
 0.2615830940039708E-07    0.2485687273007722E-38    0.1279242341268900E-33
 0.2896436307058510E-07    0.3935879833675086E-38    0.1922959937810594E-33
 0.3191428618893363E-07    0.6582263650052099E-38    0.2834359798719684E-33
 0.3501545509978486E-07    0.1028928834728581E-37    0.4107273769491073E-33
 0.3827562434074268E-07    0.1621826065774091E-37    0.5864132628300104E-33
 0.4170294603305579E-07    0.2475828379468151E-37    0.8263835796919036E-33
 0.4530599026616714E-07    0.3759476574745118E-37    0.1151164318443505E-32
 0.4909376652740141E-07    0.5605702476760871E-37    0.1587158464317610E-32
 0.5307574623037623E-07    0.8288461386934398E-37    0.2168200168927173E-32
 0.5726188639846966E-07    0.1210693254906588E-36    0.2937498118887923E-32
 0.6166265456256494E-07    0.1753814927042026E-36    0.3950061990782890E-32
 0.6628905493533010E-07    0.2517590941088438E-36    0.5275728026365888E-32
 0.7115265592748138E-07    0.3587463905792789E-36    0.7002926920291219E-32
 0.7626561907483577E-07    0.5075088613800492E-36    0.9243370699888328E-32
 0.8164072944848522E-07    0.7134321424752401E-36    0.1213787646698607E-31
 0.8729142762413383E-07    0.9969319270927362E-36    0.1586359548468678E-31
 0.9323184329053795E-07    0.1385591042202069E-35    0.2064297834854758E-31
 0.9947683058108790E-07    0.1916107354855643E-35    0.2675488346146136E-31
 0.1060420052168787E-06    0.2637556873976621E-35    0.3454832997743559E-31
 0.1129437835541465E-06    0.3615119410404336E-35    0.4445951176540506E-31
 0.1201994236337104E-06    0.4935413776761692E-35    0.5703283058811242E-31
 0.1278270683350633E-06    0.6713134989760146E-35    0.7294688054583637E-31
 0.1358457907430214E-06    0.9100020392072883E-35    0.9304652916743987E-31
 0.1442756418403704E-06    0.1229635398779479E-34    0.1183825022327263E-30
 0.1531377006457672E-06    0.1656616312161112E-34    0.1502602003884216E-30
 0.1624541269222654E-06    0.2225691619636171E-34    0.1902998692092609E-30
 0.1722482165882662E-06    0.2982530564948807E-34    0.2405107268842227E-30
 0.1825444599694479E-06    0.3987075514615202E-34    0.3033822451647378E-30
 0.1933686030373371E-06    0.5317909386880320E-34    0.3819965040505501E-30
 0.2047477117876480E-06    0.7077931571412281E-34    0.4801664288392856E-30
 0.2167102399193693E-06    0.9401738799127368E-34    0.6026058062468042E-30
 0.2292860999838330E-06    0.1246520955392744E-33    0.7551383091162597E-30
 0.2425067381816732E-06    0.1649794776003012E-33    0.9449543915825855E-30
 0.2564052129947074E-06    0.2179942519406848E-33    0.1180926915487855E-29
 0.2710162778493604E-06    0.2875991374167206E-33    0.1473998816354505E-29
 0.2863764680183328E-06    0.3788761239445441E-33    0.1837659113614052E-29
 0.3025241919778125E-06    0.4984378697149009E-33    0.2288527237718122E-29
 0.3194998274486721E-06    0.6548826711282792E-33    0.2847070136228727E-29
 0.3373458223618025E-06    0.8593832877278996E-33    0.3538482115422148E-29
 0.3561068010000500E-06    0.1126448683460351E-32    0.4393764097633425E-29
 0.3758296755821676E-06    0.1474909087574988E-32    0.5451047201750352E-29
 0.3965637635677972E-06    0.1929189375321918E-32    0.6757215620224286E-29
 0.4183609109768069E-06    0.2520954590684059E-32    0.8369896080611215E-29
 0.4412756220313464E-06    0.3291235669841917E-32    0.1035989624411075E-28
 0.4653651954447920E-06    0.4293174649279408E-32    0.1281419282043054E-28
 0.4906898676983756E-06    0.5595568848974033E-32    0.1583959271640946E-28
 0.5173129636637640E-06    0.7287445296678637E-32    0.1956721810053193E-28
 0.5453010549482219E-06    0.9483963314361825E-32    0.2415799997559289E-28
 0.5747241263583063E-06    0.1233402899367587E-31    0.2980940607483406E-28
 0.6056557508983357E-06    0.1603011572710291E-31    0.3676367930426010E-28
 0.6381732737412239E-06    0.2082092709375701E-31    0.4531792458829234E-28
 0.6723580056316995E-06    0.2702772129469241E-31    0.5583645733393658E-28
 0.7082954262055200E-06    0.3506535165919679E-31    0.6876591886121175E-28
 0.7460753977330867E-06    0.4546938049834552E-31    0.8465377678321336E-28
 0.7857923898219268E-06    0.5893101304782560E-31    0.1041709660142257E-27
 0.8275457156399195E-06    0.7634209920539205E-31    0.1281395944066161E-27
 0.8714397802499461E-06    0.9885309509214032E-31    0.1575668427706224E-27
 0.9175843416769288E-06    0.1279477051054379E-30    0.1936864405293810E-27
 0.9660947853600637E-06    0.1655389907236445E-30    0.2380094056634173E-27
 0.1017092412676520E-05    0.2140931025205538E-30    0.2923861133171702E-27
 0.1070704744258067E-05    0.2767885535941370E-30    0.3590822166417664E-27
 0.1127065838859076E-05    0.3577212176392671E-30    0.4408715046645732E-27
 0.1186316628573230E-05    0.4621681467733484E-30    0.5411494678488991E-27
 0.1248605271237174E-05    0.5969270474471185E-30    0.6640721802003314E-27
 0.1314087520902274E-05    0.7707530643933869E-30    0.8147261310882569E-27
 0.1382927117300871E-05    0.9949207071622139E-30    0.9993358916756002E-27
 0.1455296195280908E-05    0.1283946702684436E-29    0.1225518030436536E-26
 0.1531375715232703E-05    0.1656519773245249E-29    0.1502591561325400E-26
 0.1611355915584188E-05    0.2136696468115074E-29    0.1841957492039395E-26
 0.1695436788496068E-05    0.2755439048599064E-29    0.2257562830483398E-26
 0.1783828579946393E-05    0.3552593106284930E-29    0.2766467817378302E-26
 0.1876752315455018E-05    0.4579430451926094E-29    0.3389539319244245E-26
 0.1974440352762524E-05    0.5901918606335091E-29    0.4152298406452100E-26
 0.2077136962845610E-05    0.7604924213749401E-29    0.5085956360553635E-26
 0.2185098940721755E-05    0.9797616783637775E-29    0.6228680953955296E-26
 0.2298596247570535E-05    0.1262041507504613E-28    0.7627144128931305E-26
 0.2417912685777177E-05    0.1625391595385393E-28    0.9338413545456740E-26
 0.2543346608586357E-05    0.2093037082342867E-28    0.1143226432459934E-25
 0.2675211666140708E-05    0.2694843564529769E-28    0.1399400424352288E-25
 0.2813837589769559E-05    0.3469212726307064E-28    0.1712792632025266E-25
 0.2959571016489000E-05    0.4465518423319664E-28    0.2096152799273730E-25
 0.3112776355774981E-05    0.5747237135916715E-28    0.2565066696307206E-25
 0.3273836700776816E-05    0.7395970507456603E-28    0.3138586148461530E-25
 0.3443154786249595E-05    0.9516613926763843E-28    0.3839998893243438E-25
 0.3621153995600854E-05    0.1224399734446750E-27    0.4697769276688614E-25
 0.3808279419569616E-05    0.1575141726817923E-27    0.5746687673676793E-25
 0.4004998969185085E-05    0.2026159798784237E-27    0.7029274913342625E-25
 0.4211804545787937E-05    0.2606077301840712E-27    0.8597498247271367E-25
 0.4429213271039894E-05    0.3351677411010998E-27    0.1051486792663844E-24
 0.4657768779997231E-05    0.4310226728414929E-27    0.1285899875785458E-24
 0.4898042580481593E-05    0.5542459900875296E-27    0.1572473969893709E-24
 0.5150635482147220E-05    0.7126413111688594E-27    0.1922799739098838E-24
 0.5416179098818047E-05    0.9162347639921643E-27    0.2351040740704666E-24
 0.5695337427851240E-05    0.1177907313586886E-26    0.2874504106306099E-24
 0.5988808510476464E-05    0.1514206811924206E-26    0.3514337723916761E-24
 0.6297326177262543E-05    0.1946390795688612E-26    0.4296381947226076E-24
 0.6621661883076117E-05    0.2501765525827968E-26    0.5252210064037196E-24
 0.6962626636120645E-05    0.3215405326381648E-26    0.6420399335322493E-24
 0.7321073025879346E-05    0.4132360095957016E-26    0.7848083672886909E-24
 0.7697897355033002E-05    0.5310489415563807E-26    0.9592850328190172E-24
 0.8094041880683526E-05    0.6824100860415063E-26    0.1172505677019456E-23
 0.8510497170487513E-05    0.8768620373260911E-26    0.1433066078889037E-23
 0.8948304579591345E-05    0.1126658698768799E-25    0.1751467744813072E-23
 0.9408558854561478E-05    0.1447534678895218E-25    0.2140540165018599E-23
 0.9892410870821081E-05    0.1859692686982019E-25    0.2615956577028379E-23
 0.1040107051043806E-04    0.2389070570658260E-25    0.3196863929926135E-23
 0.1093580968746044E-04    0.3068967019150317E-25    0.3906652319365165E-23
 0.1149796552836397E-04    0.3942127217840592E-25    0.4773894750221634E-23
 0.1208894371556481E-04    0.5063418245197946E-25    0.5833494904556205E-23
 0.1271022200235775E-04    0.6503260491118797E-25    0.7128088919102523E-23
 0.1336335390806918E-04    0.8352028065156581E-25    0.8709757340659216E-23
 0.1404997260266460E-04    0.1072569088267575E-24    0.1064211583424799E-22
 0.1477179499052420E-04    0.1377304746973812E-24    0.1300286836131003E-22
 0.1553062600359813E-04    0.1768499509884738E-24    0.1588692502543787E-22
 0.1632836311467648E-04    0.2270640848687542E-24    0.1941020933501766E-22
 0.1716700108205966E-04    0.2915135735582131E-24    0.2371430715024206E-22
 0.1804863693749314E-04    0.3742259606383144E-24    0.2897214315652040E-22
 0.1897547522983911E-04    0.4803651714533692E-24    0.3539491166592500E-22
 0.1994983353759693E-04    0.6165508998294057E-24    0.4324053851156835E-22
 0.2097414826405659E-04    0.7912672493171756E-24    0.5282401173823723E-22
 0.2205098072957594E-04    0.1015385359032901E-23    0.6452999310709145E-22
 0.2318302357621577E-04    0.1302831506777748E-23    0.7882821304581161E-22
 0.2437310750074745E-04    0.1671440755999762E-23    0.9629226214616019E-22
 0.2562420833286936E-04    0.2144047067094880E-23    0.1176225269681454E-21
 0.2693945447633111E-04    0.2749874510457076E-23    0.1436741820213244E-21
 0.2832213473157248E-04    0.3526311520227396E-23    0.1754913497662162E-21
 0.2977570651943756E-04    0.4521171902511244E-23    0.2143487841036516E-21
 0.3130380452652774E-04    0.5795573647352031E-23    0.2618027295700771E-21
 0.3291024979381145E-04    0.7427600810494187E-23    0.3197529698482497E-21
 0.3459905927121687E-04    0.9516956417605645E-23    0.3905185192333858E-21
 0.3637445586209909E-04    0.1219086738921124E-22    0.4769299463797019E-21
 0.3824087898269810E-04    0.1561156810206513E-22    0.5824419716753921E-21
 0.4020299566299177E-04    0.1998576993402929E-22    0.7112707731053585E-21
 0.4226571221670179E-04    0.2557662282719780E-22    0.8685614010524042E-21
 0.4443418650963349E-04    0.3271879460544937E-22    0.1060591877393412E-20
 0.4671384085702703E-04    0.4183743759243417E-22    0.1295021983825400E-20
 0.4911037558216980E-04    0.5347198280389875E-22    0.1581196483927129E-20
 0.5162978327017385E-04    0.6830590161727028E-22    0.1930514640599099E-20
 0.5427836375256006E-04    0.8720380363990790E-22    0.2356880467933661E-20
 0.5706273986011834E-04    0.1112574947590083E-21    0.2877251295718527E-20
 0.5998987398343435E-04    0.1418428932788075E-21    0.3512306050526732E-20
 0.6306708548249245E-04    0.1806899789359991E-21    0.4287259323837404E-20
 0.6630206898888816E-04    0.2299682018659353E-21    0.5232852995861470E-20
 0.6970291364641513E-04    0.2923899618346900E-21    0.6386564151260080E-20
 0.7327812333813805E-04    0.3713348156192650E-21    0.7794076556149762E-20
 0.7703663795052979E-04    0.4709968904659683E-21    0.9511073435273662E-20
 0.8098785572784418E-04    0.5965574639160897E-21    0.1160542215685632E-19
 0.8514165677262189E-04    0.7543837225597509E-21    0.1415983727465231E-19
 0.8950842775109324E-04    0.9522533706589032E-21    0.1727512789154180E-19
 0.9409908786525382E-04    0.1199603471028553E-20    0.2107415931531746E-19
 0.9892511615655710E-04    0.1507802142273701E-20    0.2570668835534141E-19
 0.1039985802094972E-03    0.1890447099945244E-20    0.3135526714662079E-19
 0.1093321663268559E-03    0.2363712186672838E-20    0.3824245253256367E-19
 0.1149392112520675E-03    0.2946799329262818E-20    0.4663960683974970E-19
 0.1208337355180243E-03    0.3662603739888610E-20    0.5687763208450241E-19
 0.1270304785057119E-03    0.4538725067405423E-20    0.6936004782039467E-19
 0.1335449353003386E-03    0.5608897254433170E-20    0.8457891319998651E-19
 0.1403933954371200E-03    0.6914786982982324E-20    0.1031342149108168E-18
 0.1475929836336018E-03    0.8508065065039937E-20    0.1257574908656935E-18
 0.1551617026103730E-03    0.1045274429179727E-19    0.1533406292394241E-18
 0.1631184781072453E-03    0.1282789522549630E-19    0.1869709820701332E-18
 0.1714832062074601E-03    0.1573092111711857E-19    0.2279741761174197E-18
 0.1802768030882603E-03    0.1928159083774678E-19    0.2779663033155618E-18
 0.1895212573222279E-03    0.2362703493367163E-19    0.3389175414450555E-18
 0.1992396848601690E-03    0.2894793599303710E-19    0.4132297045821887E-18
 0.2094563868330313E-03    0.3546618763714343E-19    0.5038307697744318E-18
 0.2201969103173893E-03    0.4345435761223346E-19    0.6142900929596237E-18
 0.2314881122164428E-03    0.5324737060898066E-19    0.7489588387603578E-18
 0.2433582264162638E-03    0.6525692665127845E-19    0.9131411376615553E-18
 0.2558369343852183E-03    0.7998929583024071E-19    0.1113302688740606E-17
 0.2689554393930972E-03    0.9806728524200894E-19    0.1357324993438592E-17
 0.2827465445355445E-03    0.1202573661391715E-18    0.1654815193347473E-17
 0.2972447347588821E-03    0.1475031879560663E-18    0.2017483662192439E-17
 0.3124862630904384E-03    0.1809670023496449E-18    0.2459604153983776E-17
 0.3285092412899997E-03    0.2220808891939748E-18    0.2998574539049074E-17
 0.3453537351490618E-03    0.2726101356365500E-18    0.3655600092934123E-17
 0.3630618646761771E-03    0.3347316914284531E-18    0.4456526092991194E-17
 0.3816779094189163E-03    0.4111313370517111E-18    0.5432852309975200E-17
 0.4012484191858008E-03    0.5051240910972182E-18    0.6622969083564831E-17
 0.4218223304450712E-03    0.6208034942739061E-18    0.8073663316936401E-17
 0.4434510886913474E-03    0.7632267950530440E-18    0.9841953251431173E-17
 0.4661887770861622E-03    0.9386447961711518E-18    0.1199732369553811E-16
 0.4900922516940355E-03    0.1154787289838155E-17    0.1462444897851003E-16
 0.5152212836522509E-03    0.1421217722862555E-17    0.1782650988057802E-16
 0.5416387086298322E-03    0.1749774129741204E-17    0.2172923389158594E-16
 0.5694105839494456E-03    0.2155117626570681E-17    0.2648581625850500E-16
 0.5986063537651136E-03    0.2655415091027673E-17    0.3228291348204472E-16
 0.6292990227087730E-03    0.3273189340126929E-17    0.3934794252864149E-16
 0.6615653384398801E-03    0.4036378506259055E-17    0.4795796963429803E-16
 0.6954859835545361E-03    0.4979656841979769E-17    0.5845053413190749E-16
 0.7311457773340025E-03    0.6146082408375683E-17    0.7123682759082485E-16
 0.7686338878370852E-03    0.7589153718216790E-17    0.8681773957835521E-16
 0.8080440548667263E-03    0.9375378293640260E-17    0.1058033920114513E-15
 0.8494748243683396E-03    0.1158748236949901E-16    0.1289369185792829E-15
 0.8930297948460028E-03    0.1432842402991684E-16    0.1571234091987987E-15
 0.9388178764126811E-03    0.1772641367767996E-16    0.1914651381208708E-15
 0.9869535631222379E-03    0.2194119814051050E-16    0.2333044356585326E-15
 0.1037557219264207E-02    0.2717193074105121E-16    0.2842758566832064E-15
 0.1090755380337209E-02    0.3366703287018115E-16    0.3463696550849891E-15
 0.1146681069453613E-02    0.4173655752107371E-16    0.4220090057131761E-15
 0.1205474129966599E-02    0.5176769757289544E-16    0.5141439401254977E-15
 0.1267281575151388E-02    0.6424424857756940E-16    0.6263655994194829E-15
 0.1332257955815003E-02    0.7977104653183422E-16    0.7630451802670638E-15
 0.1400565746753787E-02    0.9910466716101265E-16    0.9295028877805151E-15
 0.1472375753025026E-02    0.1231920092144171E-15    0.1132213345778744E-14
 0.1547867537048561E-02    0.1532188086658656E-15    0.1379055293431431E-14
 0.1627229867606365E-02    0.1906706669238248E-15    0.1679615067918962E-14
 0.1710661191862824E-02    0.2374098537919323E-15    0.2045555396985423E-14
 0.1798370131586015E-02    0.2957720024490068E-15    0.2491063477100006E-14
 0.1890576004810793E-02    0.3686878965502805E-15    0.3033395281670203E-14
 0.1987509374248114E-02    0.4598369186837021E-15    0.3693536637019834E-14
 0.2089412623811908E-02    0.5738404607600956E-15    0.4497005951364675E-14
 0.2196540564705118E-02    0.7165057865201947E-15    0.5474828739973097E-14
 0.2309161072580428E-02    0.8951336057103185E-15    0.6664720446027294E-14
 0.2427555757368930E-02    0.1118906122301620E-14    0.8112521737388389E-14
 0.2552020667451633E-02    0.1399376749771465E-14    0.9873939736048618E-14
 0.2682867029934619E-02    0.1751088290686769E-14    0.1201665983552218E-13
 0.2820422028878922E-02    0.2192353466291002E-14    0.1462290627284039E-13
 0.2965029623431102E-02    0.2746240647104122E-14    0.1779254591485681E-13
 0.3117051407900273E-02    0.3441818973708941E-14    0.2164684935441815E-13
 0.3276867515932217E-02    0.4315731394358873E-14    0.2633304706188752E-13
 0.3444877571041508E-02    0.5414182273674804E-14    0.3202984680361870E-13
 0.3621501685878449E-02    0.6795449142562611E-14    0.3895411277863053E-13
 0.3807181512729525E-02    0.8533057122535957E-14    0.4736894807920830E-13
 0.4002381347878166E-02    0.1071979115515623E-13    0.5759347150932261E-13
 0.4207589292587296E-02    0.1347276739947912E-13    0.7001463911230216E-13
 0.4423318473606734E-02    0.1693984354625975E-13    0.8510153188448518E-13
 0.4650108326257341E-02    0.2130772150774615E-13    0.1034226163588379E-12
 0.4888525943300301E-02    0.2681218896406717E-13    0.1256665867235219E-12
 0.5139167492964413E-02    0.3375106359387543E-13    0.1526675190755296E-12
 0.5402659709677190E-02    0.4250055178331163E-13    0.1854352140496257E-12
 0.5679661461227380E-02    0.5353592009360185E-13    0.2251917778227994E-12
 0.5970865396277627E-02    0.6745761267904825E-13    0.2734156985595801E-12
 0.6276999676346912E-02    0.8502424359197089E-13    0.3318949218105942E-12
 0.6598829796593634E-02    0.1071942650171998E-12    0.4027907213092400E-12
 0.6937160499952235E-02    0.1351785803576020E-12    0.4887145093118700E-12
 0.7292837789409701E-02    0.1705069589833094E-12    0.5928201427250729E-12
 0.7666751043453704E-02    0.2151118475927738E-12    0.7189147689211456E-12
 0.8059835239982070E-02    0.2714340991717257E-12    0.8715918312541207E-12
 0.8473073294234534E-02    0.3425563013220963E-12    0.1056390533696086E-11
 0.8907498516592817E-02    0.4323708394578865E-12    0.1279986863734405E-11
 0.9364197196394806E-02    0.5457916492030955E-12    0.1550422212131121E-11
 0.9844311318223727E-02    0.6890208856516758E-12    0.1877376729417904E-11
 0.1034904141746443E-01    0.8698845754429405E-12    0.2272495847026862E-11
 0.1087964958226718E-01    0.1098254857195161E-11    0.2749779893764296E-11
 0.1143746260942544E-01    0.1386580824619429E-11    0.3326048487199463E-11
 0.1202387532205893E-01    0.1750555470950560E-11    0.4021493409112763E-11
 0.1264035405739798E-01    0.2209953046232638E-11    0.4860336022483352E-11
 0.1328844033339037E-01    0.2789679590090075E-11    0.5871607995978910E-11
 0.1396975470329914E-01    0.3521089869769301E-11    0.7090077215020349E-11
 0.1468600080792988E-01    0.4443636896419090E-11    0.8557344323376115E-11
 0.1543896963562008E-01    0.5606936170126719E-11    0.1032313940501013E-10
 0.1623054400064294E-01    0.7073346491862578E-11    0.1244685293263972E-10
 0.1706270325122367E-01    0.8921193393378226E-11    0.1499934032676689E-10
 0.1793752821894113E-01    0.1124879095430073E-10    0.1806504533408321E-10
 0.1885720642189058E-01    0.1417945417313512E-10    0.2174449398951441E-10
 0.1982403753461838E-01    0.1786773853637642E-10    0.2615721820615539E-10
 0.2084043913850618E-01    0.2250719765173940E-10    0.3144517606436419E-10
 0.2190895276698367E-01    0.2834001574610562E-10    0.3777674465092455E-10
 0.2303225026068591E-01    0.3566895179298146E-10    0.4535137081441151E-10
 0.2421314044844671E-01    0.4487212874041346E-10    0.5440497540709921E-10
 0.2545457617083370E-01    0.5642131791551862E-10    0.6521621739283893E-10
 0.2675966166378783E-01    0.7090450883772722E-10    0.7811373548358605E-10
 0.2813166032083016E-01    0.8905372257406453E-10    0.9348449653724739E-10
 0.2957400285324549E-01    0.1117792271978859E-09    0.1117833915511849E-09
 0.3109029586864752E-01    0.1402115522721729E-09    0.1335442313847868E-09
 0.3268433088937651E-01    0.1757529816213905E-09    0.1593923049159741E-09
 0.3436009383328007E-01    0.2201405366857892E-09    0.1900586716533237E-09
 0.3612177498058387E-01    0.2755228538051788E-09    0.2263963682490117E-09
 0.3797377945177492E-01    0.3445538157713734E-09    0.2693987131302144E-09
 0.3992073822269722E-01    0.4305063293198620E-09    0.3202198947077650E-09
 0.4196751970440363E-01    0.5374102546391747E-09    0.3801980253298701E-09
 0.4411924191671926E-01    0.6702191993259583E-09    0.4508808342137292E-09
 0.4638128528595697E-01    0.8350116962164369E-09    0.5340541568050697E-09
 0.4875930609878561E-01    0.1039233200376416E-08    0.6317733541202692E-09
 0.5125925064589297E-01    0.1291986372464075E-08    0.7463977623382609E-09
 0.5388737009080979E-01    0.1604378269424498E-08    0.8806282289979083E-09
 0.5665023610107465E-01    0.1989934342646176E-08    0.1037547736519027E-08
 0.5955475728082583E-01    0.2465090549118514E-08    0.1220665045532250E-08
 0.6260819644591026E-01    0.3049776410057565E-08    0.1433961209162107E-08
 0.6581818878470604E-01    0.3768103496945718E-08    0.1681938714948685E-08
 0.6919276095007051E-01    0.4649175575082615E-08    0.1969672904171487E-08
 0.7274035113015324E-01    0.5728038472278387E-08    0.2302865200453524E-08
 0.7646983014826163E-01    0.7046789642288722E-08    0.2687897553200028E-08
 0.8039052364453982E-01    0.8655869330547103E-08    0.3131887370397725E-08
 0.8451223539492653E-01    0.1061555719047135E-07    0.3642742084669305E-08
 0.8884527182570151E-01    0.1299770010559913E-07    0.4229212372843464E-08
 0.9340046778491957E-01    0.1588769880869526E-07    0.4900942940830171E-08
 0.9818921363517440E-01    0.1938678261924782E-07    0.5668519702018316E-08
 0.1032234837354379E+00    0.2361460321879147E-07    0.6543512129929411E-08
 0.1085158663831950E+00    0.2871217983719619E-07    0.7538509566892274E-08
 0.1140795952917440E+00    0.3484522954340409E-07    0.8667150333337611E-08
 0.1199285826813733E+00    0.4220791756540464E-07    0.9944142620576894E-08
 0.1260774540671584E+00    0.5102706379635918E-07    0.1138527637691458E-07
 0.1325415848303679E+00    0.6156684302601646E-07    0.1300742572476650E-07
 0.1393371386649252E+00    0.7413401819296800E-07    0.1482854188511994E-07
 0.1464811079950624E+00    0.8908374839911530E-07    0.1686763714202757E-07
 0.1539913564652325E+00    0.1068260169861110E-06    0.1914476105654699E-07
 0.1618866636085246E+00    0.1278327301921028E-06    0.2168097093414302E-07
 0.1701867718052788E+00    0.1526455444732551E-06    0.2449829945363666E-07
 0.1789124356493201E+00    0.1818844913290348E-06    0.2761972336445722E-07
 0.1880854738452541E+00    0.2162574834181682E-06    0.3106913823083007E-07
 0.1977288237665927E+00    0.2565708060708768E-06    0.3487134531910687E-07
 0.2078665988111361E+00    0.3037407253472357E-06    0.3905205785512068E-07
 0.2185241486970266E+00    0.3588063790962789E-06    0.4363793498623796E-07
 0.2297281228502490E+00    0.4229441627532561E-06    0.4865665283065995E-07
 0.2415065370420756E+00    0.4974838787771798E-06    0.5413702294940595E-07
 0.2538888434430882E+00    0.5839269897773865E-06    0.6010916940460370E-07
 0.2669060042689446E+00    0.6839674028223353E-06    0.6660477625068536E-07
 0.2805905692020456E+00    0.7995153187347303E-06    0.7365741783529089E-07
 0.2949767567826956E+00    0.9327248082356354E-06    0.8130298467308238E-07
 0.3101005399732767E+00    0.1086025929892830E-05    0.8958021792677303E-07
 0.3259997361093921E+00    0.1262162386778932E-05    0.9853136573555817E-07
 0.3427141014629037E+00    0.1464235934096064E-05    0.1082029748444386E-06
 0.3602854306533192E+00    0.1695759004279526E-05    0.1186468313034177E-06
 0.3787576611561113E+00    0.1960717316024033E-05    0.1299210645382649E-06
 0.3981769831692922E+00    0.2263644587703833E-05    0.1420914299766231E-06
 0.4185919551129680E+00    0.2609711894320407E-05    0.1552327867895794E-06
 0.4400536250506819E+00    0.3004834703619187E-05    0.1694307893319012E-06
 0.4626156583361626E+00    0.3455801217911219E-05    0.1847838136885343E-06
 0.4863344718046623E+00    0.3970426354054272E-05    0.2014051445120116E-06
 0.5112693748444305E+00    0.4557736540614885E-05    0.2194254522086078E-06
 0.5374827177010773E+00    0.5228191530088222E-05    0.2389955966326224E-06
 0.5650400473856650E+00    0.5993950654043455E-05    0.2602898008970468E-06
 0.5940102715763773E+00    0.6869192437632072E-05    0.2835092478108044E-06
 0.6244658309236064E+00    0.7870498294687055E-05    0.3088861619013823E-06
 0.6564828801893130E+00    0.9017313215393241E-05    0.3366884520618060E-06
 0.6901414786735977E+00    0.1033249901925523E-04    0.3672250036517016E-06
 0.7255257904046520E+00    0.1184299897775841E-04    0.4008517244613046E-06
 0.7627242945926684E+00    0.1358063653455420E-04    0.4379784663932113E-06
 0.8018300068739527E+00    0.1558307561050013E-04    0.4790769641101078E-06
 0.8429407118984635E+00    0.1789497574827177E-04    0.5246899533175710E-06
 0.8861592078423725E+00    0.2056938233055696E-04    0.5754416548723924E-06
 0.9315935634570484E+00    0.2366940053851893E-04    0.6320498365823234E-06
 0.9793573882972270E+00    0.2727021188803445E-04    0.6953396924080895E-06
 0.1029570116804074E+01    0.3146150442453338E-04    0.7662598087433639E-06
 0.1082357306953498E+01    0.3635040236365008E-04    0.8459005193825823E-06
 0.1137850954216494E+01    0.4206499858776902E-04    0.9355149843925252E-06
 0.1196189821616567E+01    0.4875861447040870E-04    0.1036543362879087E-05
 0.1257519786709578E+01    0.5661493659801913E-04    0.1150640484808014E-05
 0.1321994206353610E+01    0.6585420976642954E-04    0.1279707461459242E-05
 0.1389774300181000E+01    0.7674070089863803E-04    0.1425927706169615E-05
 0.1461029553731390E+01    0.8959169008622490E-04    0.1591807864569478E-05
 0.1535938142253860E+01    0.1047882936832542E-03    0.1780224173652015E-05
 0.1614687376237858E+01    0.1227884812022331E-03    0.1994474777968722E-05
 0.1697474169786987E+01    0.1441427136018777E-03    0.2238338524220031E-05
 0.1784505533006835E+01    0.1695127062888098E-03    0.2516140726484276E-05
 0.1875999089638066E+01    0.1996939065206216E-03    0.2832826335862213E-05
 0.1972183621229121E+01    0.2356423723935197E-03    0.3194040851363422E-05
 0.2073299639209264E+01    0.2785068493267107E-03    0.3606219162595422E-05
 0.2179599986292427E+01    0.3296669594237010E-03    0.4076682306481904E-05
 0.2291350468715695E+01    0.3907785479432739E-03    0.4613741835072818E-05
 0.2408830520893354E+01    0.4638273667979625E-03    0.5226811112774043E-05
 0.2532333904148474E+01    0.5511924133421453E-03    0.5926522370459160E-05
 0.2662169441269232E+01    0.6557203774004338E-03    0.6724847720939518E-05
 0.2798661788726742E+01    0.7808127714353105E-03    0.7635221564395656E-05
 0.2942152248485335E+01    0.9305274153693845E-03    0.8672660863111159E-05
 0.3092999621435251E+01    0.1109696001919579E-02    0.9853878623474636E-05
 0.3251581104581752E+01    0.1324059458142921E-02    0.1119738457486633E-04
 0.3418293234234111E+01    0.1580422715745541E-02    0.1272356547153979E-04
 0.3593552877552928E+01    0.1886830270841587E-02    0.1445473566703958E-04
 0.3777798274935171E+01    0.2252763509446816E-02    0.1641514663795564E-04
 0.3971490135843438E+01    0.2689360145540084E-02    0.1863094200205826E-04
 0.4175112790819585E+01    0.3209655202682112E-02    0.2113004234888789E-04
 0.4389175402563355E+01    0.3828841698372981E-02    0.2394194197634224E-04
 0.4614213239104344E+01    0.4564547486439721E-02    0.2709739754388828E-04
 0.4850789012250877E+01    0.5437122497316255E-02    0.3062798690015898E-04
 0.5099494284662639E+01    0.6469927811551374E-02    0.3456551516450379E-04
 0.5360950949065451E+01    0.7689614540438635E-02    0.3894124484448431E-04
 0.5635812783307012E+01    0.9126376322278555E-02    0.4378492772337356E-04
 0.5924767085142062E+01    0.1081415436202978E-01    0.4912361888210648E-04
 0.6228536390834766E+01    0.1279076838913929E-01    0.5498025800622341E-04
 0.6547880281875716E+01    0.1509794080419378E-01    0.6137201057510680E-04
 0.6883597284331323E+01    0.1778117485584736E-01    0.6830837213671146E-04
 0.7236526865574901E+01    0.2088944129659929E-01    0.7578905307826009E-04
 0.7607551533392368E+01    0.2447462213678424E-01    0.8380167943042354E-04
 0.7997599042711387E+01    0.2859065557207283E-01    0.9231936739751537E-04
 0.8407644715471930E+01    0.3329232383665541E-01    0.1012982552829272E-03
 0.8838713879439149E+01    0.3863362678754848E-01    0.1106751056385791E-03
 0.9291884432056865E+01    0.4466568981173529E-01    0.1203651216141654E-03
 0.9768289535752617E+01    0.5143416667196383E-01    0.1302601527478108E-03
 0.1026912045143399E+02    0.5897611772306169E-01    0.1402274941920061E-03
 0.1079562951726135E+02    0.6731637298573659E-01    0.1501095061725897E-03
 0.1134913328014559E+02    0.7646342897723304E-01    0.1597242931404383E-03
 0.1193101578780117E+02    0.8640497846642432E-01    0.1688676798038633E-03
 0.1254273204958628E+02    0.9710323297070601E-01    0.1773166989466373E-03
 0.1318581167478415E+02    0.1084902670020392E+00    0.1848347587685324E-03
 0.1386186269742300E+02    0.1204636871945713E+00    0.1911785814445812E-03
 0.1457257559719868E+02    0.1328830028010761E+00    0.1961068974441122E-03
 0.1531972752655444E+02    0.1455671386332535E+00    0.1993907423730185E-03
 0.1610518675448773E+02    0.1582935771145261E+00    0.2008250389475198E-03
 0.1693091733819582E+02    0.1707996306867473E+00    0.2002409650707656E-03
 0.1779898403424185E+02    0.1827863164513712E+00    0.1975184239853124E-03
 0.1871155746152166E+02    0.1939252193073164E+00    0.1925977634655492E-03
 0.1967091952894174E+02    0.2038685782861225E+00    0.1854897617615951E-03
 0.2067946914138002E+02    0.2122626087584941E+00    0.1762828348467657E-03
 0.2173972819819762E+02    0.2187637840995811E+00    0.1651464483730123E-03
 0.2285434789930087E+02    0.2230574581682576E+00    0.1523298600458647E-03
 0.2402611537452199E+02    0.2248778408310863E+00    0.1381555860562807E-03
 0.2525796065289547E+02    0.2240279817087723E+00    0.1230073767075665E-03
 0.2655296398925679E+02    0.2203981222270443E+00    0.1073129810605063E-03
 0.2791436356648396E+02    0.2139805992105504E+00    0.9152253732861969E-04
 0.2934556359264142E+02    0.2048794799526266E+00    0.7608398420956840E-04
 0.3085014281327337E+02    0.1933133232697466E+00    0.6141737278984664E-04
 0.3243186346013171E+02    0.1796099156352053E+00    0.4789028788484069E-04
 0.3409468065871507E+02    0.1641925153454155E+00    0.3579668777430810E-04
 0.3584275231814270E+02    0.1475579997912412E+00    0.2534129083109520E-04
 0.3768044952809305E+02    0.1302482586350051E+00    0.1663116209695586E-04
 0.3961236748880471E+02    0.1128170817554536E+00    0.9675415465036147E-05
 0.4164333700147059E+02    0.9579550969511047E-01    0.4393031054207749E-05
 0.4377843654775712E+02    0.7965900686610264E-01    0.6278186268981259E-06
 0.4602300498865372E+02    0.6479978028749708E-01   -0.1831313116562149E-05
 0.4838265491440612E+02    0.5150705862910556E-01   -0.3227247284522488E-05
 0.5086328667891544E+02    0.3995720924465724E-01   -0.3811442146281992E-05
 0.5347110315369635E+02    0.3021433049210608E-01   -0.3823191470539644E-05
 0.5621262523828673E+02    0.2224061739524571E-01   -0.3473431751041008E-05
 0.5909470816589314E+02    0.1591454288314784E-01   -0.2934304017652908E-05
 0.6212455864504455E+02    0.1105405831552814E-01   -0.2334788806358562E-05
 0.6530975288011747E+02    0.7441562829499121E-02   -0.1761798110527909E-05
 0.6865825551579320E+02    0.4847547372096367E-02   -0.1265442723492460E-05
 0.7217843955281801E+02    0.3050426361121408E-02   -0.8668274091451514E-06
 0.7587910728486646E+02    0.1851003367894238E-02   -0.5667063534783074E-06
 0.7976951230886041E+02    0.1081061117106194E-02   -0.3536034964461863E-06
 0.8385938266378133E+02    0.6065077644812011E-03   -0.2104582903207926E-06
 0.8815894515583484E+02    0.3261884219240319E-03   -0.1193664883205796E-06
 0.9267895093079316E+02    0.1678044973281138E-03   -0.6443114330898643E-07
 0.9743070235745957E+02    0.8238525616989574E-04   -0.3304563716475785E-07
 0.1024260812894775E+03    0.3850900776804340E-04   -0.1607451374298819E-07
 0.1076775787761537E+03    0.1709396508558206E-04   -0.7400645440956764E-08
 0.1131983262965877E+03    0.7186744508712046E-05   -0.3217505507284062E-08
 0.1190021285952095E+03    0.2853693882275369E-05   -0.1317668386413051E-08
 0.1251034982008314E+03    0.1067025545219784E-05   -0.5069413361812297E-09
 0.1315176917155289E+03    0.3745096935582822E-06   -0.1826865525805149E-09
 0.1382607479640929E+03    0.1229740021365204E-06   -0.6147291926678519E-10
 0.1453495280994460E+03    0.3764153230052414E-07   -0.1924905722387199E-10
 0.1528017577643072E+03    0.1069921322634119E-07   -0.5588288038491573E-11
 0.1606360714145318E+03    0.2812281798953269E-08   -0.1498111009523704E-11
