 0.0000000000000000E+00    0.0000000000000000E+00    0.0000000000000000E+00
 0.1464888467886403E-08   -0.8159214594822735E-23   -0.1131697278377051E-24
 0.3004883373589934E-08    0.3419915555863048E-22   -0.6934311604649196E-24
 0.4623835506522379E-08    0.1240573443323470E-21    0.5382534743485859E-25
 0.6325793090290573E-08    0.3196693020835627E-21   -0.3643197367279462E-25
 0.8115011905364052E-08    0.6771026835087836E-21   -0.2112812362331460E-25
 0.9995965930742960E-08    0.1268100159185542E-20   -0.1883703761959544E-25
 0.1197335853123594E-07    0.2182446229317049E-20   -0.2822420218157400E-25
 0.1405213421832203E-07    0.3531654284757100E-20   -0.4695878865471437E-25
 0.1623749101400485E-07    0.5453326455189433E-20   -0.8052248324362074E-25
 0.1853489344857512E-07    0.8116326362478922E-20   -0.1347841965093083E-24
 0.2095008622478276E-07    0.1172687839704523E-19   -0.2188432871637485E-24
 0.2348910858258601E-07    0.1653577543969989E-19   -0.3451798552911947E-24
 0.2615830940039708E-07    0.2284687896569234E-19   -0.5305103940662163E-24
 0.2896436307058510E-07    0.3102713669843429E-19   -0.7973503535301716E-24
 0.3191428618893363E-07    0.4151837797148246E-19   -0.1175246322753696E-23
 0.3501545509978486E-07    0.5485119151844397E-19   -0.1703290375418167E-23
 0.3827562434074268E-07    0.7166124126616348E-19   -0.2432171918057958E-23
 0.4170294603305579E-07    0.9270843533500682E-19   -0.3428053538945932E-23
 0.4530599026616714E-07    0.1188994328219140E-18   -0.4776055244498363E-23
 0.4909376652740141E-07    0.1513140537835924E-18   -0.6586025710704535E-23
 0.5307574623037623E-07    0.1912362520648232E-18   -0.8998443839139762E-23
 0.5726188639846966E-07    0.2401904203325507E-18   -0.1219300052101232E-22
 0.6166265456256494E-07    0.2999839244903934E-18   -0.1639826540822528E-22
 0.6628905493533010E-07    0.3727569135030317E-18   -0.2190463489766065E-22
 0.7115265592748138E-07    0.4610406239748387E-18   -0.2907971400984169E-22
 0.7626561907483577E-07    0.5678256006408338E-18   -0.3838806131009162E-22
 0.8164072944848522E-07    0.6966414888718323E-18   -0.5041523471829199E-22
 0.8729142762413383E-07    0.8516503287883029E-18   -0.6589803165440424E-22
 0.9323184329053795E-07    0.1037755598924322E-17   -0.8576169097169697E-22
 0.9947683058108790E-07    0.1260729627892324E-17   -0.1111662271301993E-21
 0.1060420052168787E-06    0.1527362423691000E-17   -0.1435636210905951E-21
 0.1129437835541465E-06    0.1845635472069915E-17   -0.1847687128945845E-21
 0.1201994236337104E-06    0.2224924639219349E-17   -0.2370467478725975E-21
 0.1278270683350633E-06    0.2676236993377117E-17   -0.3032216154520704E-21
 0.1358457907430214E-06    0.3212487150286533E-17   -0.3868094397024896E-21
 0.1442756418403704E-06    0.3848819666887991E-17   -0.4921834705317902E-21
 0.1531377006457672E-06    0.4602985077205443E-17   -0.6247774173794486E-21
 0.1624541269222654E-06    0.5495778408535092E-17   -0.7913361144040149E-21
 0.1722482165882662E-06    0.6551550463172372E-17   -0.1000224341957175E-20
 0.1825444599694479E-06    0.7798803834050732E-17   -0.1261807150979552E-20
 0.1933686030373371E-06    0.9270887580200715E-17   -0.1588918020876245E-20
 0.2047477117876480E-06    0.1100680676450114E-16   -0.1997434914249161E-20
 0.2167102399193693E-06    0.1305216570365786E-16   -0.2506988811021615E-20
 0.2292860999838330E-06    0.1546026685900288E-16   -0.3141834878932615E-20
 0.2425067381816732E-06    0.1829339087663830E-16   -0.3931923237998825E-20
 0.2564052129947074E-06    0.2162428744811749E-16   -0.4914214624037778E-20
 0.2710162778493604E-06    0.2553791150294798E-16   -0.6134296464494709E-20
 0.2863764680183328E-06    0.3013344487172285E-16   -0.7648367387425697E-20
 0.3025241919778125E-06    0.3552665010158063E-16   -0.9525673489838843E-20
 0.3194998274486721E-06    0.4185261071259411E-16   -0.1185149843081609E-19
 0.3373458223618025E-06    0.4926892102730121E-16   -0.1473083234727285E-19
 0.3561068010000500E-06    0.5795939898679821E-16   -0.1829287265731998E-19
 0.3758296755821676E-06    0.6813840731886854E-16   -0.2269654416020934E-19
 0.3965637635677972E-06    0.8005588231777016E-16   -0.2813726786556322E-19
 0.4183609109768069E-06    0.9400318564669897E-16   -0.3485525939888449E-19
 0.4412756220313464E-06    0.1103199133488239E-15   -0.4314570072977392E-19
 0.4653651954447920E-06    0.1294018180768951E-15   -0.5337120591256292E-19
 0.4906898676983756E-06    0.1517100259193198E-15   -0.6597709564540782E-19
 0.5173129636637640E-06    0.1777817586872257E-15   -0.8151011056768158E-19
 0.5453010549482219E-06    0.2082428068003625E-15   -0.1006413340020916E-18
 0.5747241263583063E-06    0.2438220377461165E-15   -0.1241942670216646E-18
 0.6056557508983357E-06    0.2853682713875682E-15   -0.1531792092674820E-18
 0.6381732737412239E-06    0.3338699072117215E-15   -0.1888353563975487E-18
 0.6723580056316995E-06    0.3904777511561093E-15   -0.2326823398442179E-18
 0.7082954262055200E-06    0.4565315623465732E-15   -0.2865833194487176E-18
 0.7460753977330867E-06    0.5335909245662641E-15   -0.3528222101100700E-18
 0.7857923898219268E-06    0.6234711454673171E-15   -0.4341981988765146E-18
 0.8275457156399195E-06    0.7282850006537908E-15   -0.5341414121931268E-18
 0.8714397802499461E-06    0.8504912723883698E-15   -0.6568544527389372E-18
 0.9175843416769288E-06    0.9929511868055280E-15   -0.8074855761918470E-18
 0.9660947853600637E-06    0.1158994032635904E-14   -0.9923405628138039E-18
 0.1017092412676520E-05    0.1352493452609691E-14   -0.1219141908838023E-17
 0.1070704744258067E-05    0.1577956140617984E-14   -0.1497345881661989E-17
 0.1127065838859076E-05    0.1840624958837215E-14   -0.1838530328263852E-17
 0.1186316628573230E-05    0.2146598815717122E-14   -0.2256868992705887E-17
 0.1248605271237174E-05    0.2502972025380652E-14   -0.2769711601694748E-17
 0.1314087520902274E-05    0.2917996310161119E-14   -0.3398293258194163E-17
 0.1382927117300871E-05    0.3401269120677313E-14   -0.4168601914614472E-17
 0.1455296195280908E-05    0.3963952543601007E-14   -0.5112439089964926E-17
 0.1531375715232703E-05    0.4619027759559060E-14   -0.6268716807100287E-17
 0.1611355915584188E-05    0.5381590818071530E-14   -0.7685043271448576E-17
 0.1695436788496068E-05    0.6269196431219945E-14   -0.9419661475692085E-17
 0.1783828579946393E-05    0.7302257573974835E-14   -0.1154381916523101E-16
 0.1876752315455018E-05    0.8504509941312085E-14   -0.1414466601029757E-16
 0.1974440352762524E-05    0.9903551778900917E-14   -0.1732879510266975E-16
 0.2077136962845610E-05    0.1153147130835886E-13   -0.2122657188344098E-16
 0.2185098940721755E-05    0.1342557594829336E-13   -0.2599742535793123E-16
 0.2298596247570535E-05    0.1562923983327224E-13   -0.3183631524040657E-16
 0.2417912685777177E-05    0.1819288880638501E-13   -0.3898163605283322E-16
 0.2543346608586357E-05    0.2117514516748184E-13   -0.4772487708098756E-16
 0.2675211666140708E-05    0.2464415806857091E-13   -0.5842242779100744E-16
 0.2813837589769559E-05    0.2867914964157003E-13   -0.7151000466636756E-16
 0.2959571016489000E-05    0.3337221181622879E-13   -0.8752028090244530E-16
 0.3112776355774981E-05    0.3883039444734725E-13   -0.1071044292210269E-15
 0.3273836700776816E-05    0.4517813194798420E-13   -0.1310584454011998E-15
 0.3443154786249595E-05    0.5256006326737718E-13   -0.1603553122656454E-15
 0.3621153995600854E-05    0.6114430893086328E-13   -0.1961842985007505E-15
 0.3808279419569616E-05    0.7112627917410167E-13   -0.2399989732079516E-15
 0.4004998969185085E-05    0.8273309918753008E-13   -0.2935758669315104E-15
 0.4211804545787937E-05    0.9622875140885638E-13   -0.3590861370530412E-15
 0.4429213271039894E-05    0.1119200509746131E-12   -0.4391831169262072E-15
 0.4657768779997231E-05    0.1301635892299956E-12   -0.5371092647306657E-15
 0.4898042580481593E-05    0.1513738020215614E-12   -0.6568268050995228E-15
 0.5150635482147220E-05    0.1760323448501083E-12   -0.8031773050246614E-15
 0.5416179098818047E-05    0.2046989864102690E-12   -0.9820765830437040E-15
 0.5695337427851240E-05    0.2380242662498110E-12   -0.1200752763177335E-14
 0.5988808510476464E-05    0.2767642020121813E-12   -0.1468037008462260E-14
 0.6297326177262543E-05    0.3217973778705910E-12   -0.1794718571361589E-14
 0.6621661883076117E-05    0.3741447993540755E-12   -0.2193978362817738E-14
 0.6962626636120645E-05    0.4349929620039874E-12   -0.2681918369263138E-14
 0.7321073025879346E-05    0.5057206535740571E-12   -0.3278208060445364E-14
 0.7697897355033002E-05    0.5879300934122549E-12   -0.4006873579976484E-14
 0.8094041880683526E-05    0.6834831101087869E-12   -0.4897261176856094E-14
 0.8510497170487513E-05    0.7945431716321964E-12   -0.5985213240723204E-14
 0.8948304579591345E-05    0.9236242135204723E-12   -0.7314503714500926E-14
 0.9408558854561478E-05    0.1073647363162891E-11   -0.8938589900940400E-14
 0.9892410870821081E-05    0.1248006835180280E-11   -0.1092275014912577E-13
 0.1040107051043806E-04    0.1450646478302698E-11   -0.1334669208163149E-13
 0.1093580968746044E-04    0.1686148692490231E-11   -0.1630773448183535E-13
 0.1149796552836397E-04    0.1959837711594482E-11   -0.1992468840424439E-13
 0.1208894371556481E-04    0.2277899567696085E-11   -0.2434259034457513E-13
 0.1271022200235775E-04    0.2647521425410576E-11   -0.2973847343136388E-13
 0.1336335390806918E-04    0.3077053406065164E-11   -0.3632840280646957E-13
 0.1404997260266460E-04    0.3576196522119159E-11   -0.4437605012644830E-13
 0.1477179499052420E-04    0.4156220922401246E-11   -0.5420314121508185E-13
 0.1553062600359813E-04    0.4830219321218460E-11   -0.6620218245472656E-13
 0.1632836311467648E-04    0.5613401263650673E-11   -0.8085195806001533E-13
 0.1716700108205966E-04    0.6523434782100816E-11   -0.9873639495687007E-13
 0.1804863693749314E-04    0.7580843044709361E-11   -0.1205675181847048E-12
 0.1897547522983911E-04    0.8809464806777354E-11   -0.1472133717986902E-12
 0.1994983353759693E-04    0.1023698887747573E-10   -0.1797319631744697E-12
 0.2097414826405659E-04    0.1189557443530233E-10   -0.2194125082686133E-12
 0.2205098072957594E-04    0.1382257090085455E-10   -0.2678255185822667E-12
 0.2318302357621577E-04    0.1606135324348584E-10   -0.3268835851859908E-12
 0.2437310750074745E-04    0.1866229110403777E-10   -0.3989150901954552E-12
 0.2562420833286936E-04    0.2168387301049145E-10   -0.4867535217188028E-12
 0.2693945447633111E-04    0.2519401030606470E-10   -0.5938455958557523E-12
 0.2832213473157248E-04    0.2927154926771809E-10   -0.7243820111744335E-12
 0.2977570651943756E-04    0.3400802434498823E-10   -0.8834553903350361E-12
 0.3130380452652774E-04    0.3950969058383725E-10   -0.1077250813523270E-11
 0.3291024979381145E-04    0.4589987922049173E-10   -0.1313275331853460E-11
 0.3459905927121687E-04    0.5332172725423693E-10   -0.1600633976708936E-11
 0.3637445586209909E-04    0.6194133967232403E-10   -0.1950361059944533E-11
 0.3824087898269810E-04    0.7195145206245833E-10   -0.2375816989832011E-11
 0.4020299566299177E-04    0.8357567179247178E-10   -0.2893162397071554E-11
 0.4226571221670179E-04    0.9707338797751908E-10   -0.3521923044987520E-11
 0.4443418650963349E-04    0.1127454543452271E-09   -0.4285660732574464E-11
 0.4671384085702703E-04    0.1309407651488054E-09   -0.5212767093972025E-11
 0.4911037558216980E-04    0.1520638628269220E-09   -0.6337398703060652E-11
 0.5162978327017385E-04    0.1765837376027418E-09   -0.7700572978115667E-11
 0.5427836375256006E-04    0.2050440041867954E-09   -0.9351444709921515E-11
 0.5706273986011834E-04    0.2380746698610120E-09   -0.1134878211816172E-10
 0.5998987398343435E-04    0.2764057423030282E-09   -0.1376265848442999E-10
 0.6306708548249245E-04    0.3208829656086432E-09   -0.1667636966280346E-10
 0.6630206898888816E-04    0.3724860204186679E-09   -0.2018857785255701E-10
 0.6970291364641513E-04    0.4323495805518310E-09   -0.2441566628796354E-10
 0.7327812333813805E-04    0.5017876862376479E-09   -0.2949426598641219E-10
 0.7703663795052979E-04    0.5823219756076559E-09   -0.3558388237012509E-10
 0.8098785572784418E-04    0.6757144147439211E-09   -0.4286950518280541E-10
 0.8514165677262189E-04    0.7840052858306007E-09   -0.5156403130792757E-10
 0.8950842775109324E-04    0.9095573359756985E-09   -0.6191027631543575E-10
 0.9409908786525382E-04    0.1055107157142701E-08   -0.7418232472302161E-10
 0.9892511615655710E-04    0.1223825055236368E-08   -0.8868603995405090E-10
 0.1039985802094972E-03    0.1419384855421968E-08   -0.1057588587369184E-09
 0.1093321663268559E-03    0.1646045247142513E-08   -0.1257697113546152E-09
 0.1149392112520675E-03    0.1908744345505316E-08   -0.1491212039427949E-09
 0.1208337355180243E-03    0.2213209122051184E-08   -0.1762576357858888E-09
 0.1270304785057119E-03    0.2566081467291124E-08   -0.2076818424640341E-09
 0.1335449353003386E-03    0.2975063215302860E-08   -0.2439800506244476E-09
 0.1403933954371200E-03    0.3449083363885198E-08   -0.2858500292106528E-09
 0.1475929836336018E-03    0.3998491580512865E-08   -0.3341272170209877E-09
 0.1551617026103730E-03    0.4635282679415214E-08   -0.3898066924346458E-09
 0.1631184781072453E-03    0.5373357147470289E-08   -0.4540631269488552E-09
 0.1714832062074601E-03    0.6228823322169752E-08   -0.5282723427736289E-09
 0.1802768030882603E-03    0.7220347661937115E-08   -0.6140370515237652E-09
 0.1895212573222279E-03    0.8369560608745258E-08   -0.7132182243760338E-09
 0.1992396848601690E-03    0.9701526768120925E-08   -0.8279729849571057E-09
 0.2094563868330313E-03    0.1124528953632839E-07   -0.9607997408333172E-09
 0.2201969103173893E-03    0.1303450191751432E-07   -0.1114591329266983E-08
 0.2314881122164428E-03    0.1510815713091026E-07   -0.1292697128560316E-08
 0.2433582264162638E-03    0.1751143475168608E-07   -0.1498995315526269E-08
 0.2558369343852183E-03    0.2029668060524770E-07   -0.1737976710351373E-08
 0.2689554393930972E-03    0.2352454149658922E-07   -0.2014841935706596E-08
 0.2827465445355445E-03    0.2726527916449681E-07   -0.2335613929552091E-08
 0.2972447347588821E-03    0.3160029167443599E-07   -0.2707268197420683E-08
 0.3124862630904384E-03    0.3662387488386446E-07   -0.3137883578975254E-08
 0.3285092412899997E-03    0.4244526172166455E-07   -0.3636816745688357E-08
 0.3453537351490618E-03    0.4919098292538828E-07   -0.4214904152678743E-08
 0.3630618646761771E-03    0.5700759969826718E-07   -0.4884695749875657E-08
 0.3816779094189163E-03    0.6606486662324156E-07   -0.5660725428637930E-08
 0.4012484191858008E-03    0.7655939226557636E-07   -0.6559823953936873E-08
 0.4218223304450712E-03    0.8871887539549986E-07   -0.7601481025246966E-08
 0.4434510886913474E-03    0.1028070068822440E-06   -0.8808264139604729E-08
 0.4661887770861622E-03    0.1191291412976125E-06   -0.1020630311875202E-07
 0.4900922516940355E-03    0.1380388584043894E-06   -0.1182585053279772E-07
 0.5152212836522509E-03    0.1599455533182134E-06   -0.1370192983283969E-07
 0.5416387086298322E-03    0.1853232155952384E-06   -0.1587508482595920E-07
 0.5694105839494456E-03    0.2147205822412184E-06   -0.1839224622399676E-07
 0.5986063537651136E-03    0.2487728781531323E-06   -0.2130773341387812E-07
 0.6292990227087730E-03    0.2882153903566154E-06   -0.2468441237928377E-07
 0.6615653384398801E-03    0.3338991602379692E-06   -0.2859503390527519E-07
 0.6954859835545361E-03    0.3868091215287429E-06   -0.3312377988100458E-07
 0.7311457773340025E-03    0.4480850619307495E-06   -0.3836804975148932E-07
 0.7686338878370852E-03    0.5190458439379041E-06   -0.4444052403833039E-07
 0.8080440548667263E-03    0.6012173867241568E-06   -0.5147154744315963E-07
 0.8494748243683396E-03    0.6963649871856733E-06   -0.5961188047127016E-07
 0.8930297948460028E-03    0.8065306457883993E-06   -0.6903587588555727E-07
 0.9388178764126811E-03    0.9340761634178318E-06   -0.7994514475806230E-07
 0.9869535631222379E-03    0.1081732890819083E-05   -0.9257278658188115E-07
 0.1037557219264207E-02    0.1252659144569811E-05   -0.1071882690143764E-06
 0.1090755380337209E-02    0.1450506455249900E-05   -0.1241030555409654E-06
 0.1146681069453613E-02    0.1679495987283355E-05   -0.1436770939004715E-06
 0.1205474129966599E-02    0.1944506668912196E-05   -0.1663262947500151E-06
 0.1267281575151388E-02    0.2251176798402059E-05   -0.1925311490535649E-06
 0.1332257955815003E-02    0.2606021152805353E-05   -0.2228466543727685E-06
 0.1400565746753787E-02    0.3016565922843927E-05   -0.2579137449798776E-06
 0.1472375753025026E-02    0.3491504136690133E-05   -0.2984724489016033E-06
 0.1547867537048561E-02    0.4040874622201524E-05   -0.3453770270877414E-06
 0.1627229867606365E-02    0.4676267997735908E-05   -0.3996133863789444E-06
 0.1710661191862824E-02    0.5411063682998677E-05   -0.4623190993788383E-06
 0.1798370131586015E-02    0.6260702491201346E-05   -0.5348064113312577E-06
 0.1890576004810793E-02    0.7243000010721241E-05   -0.6185886673418191E-06
 0.1987509374248114E-02    0.8378506717947804E-05   -0.7154106535099819E-06
 0.2089412623811908E-02    0.9690921593523472E-05   -0.8272834135688282E-06
 0.2196540564705118E-02    0.1120756695319721E-04   -0.9565241793538978E-06
 0.2309161072580428E-02    0.1295993326449678E-04   -0.1105802139802203E-05
 0.2427555757368930E-02    0.1498430391492894E-04   -0.1278190870252555E-05
 0.2552020667451633E-02    0.1732247124105009E-04   -0.1477228352686266E-05
 0.2682867029934619E-02    0.2002255663608692E-04   -0.1706985639383702E-05
 0.2820422028878922E-02    0.2313994924336741E-04   -0.1972145348503047E-05
 0.2965029623431102E-02    0.2673837963096146E-04   -0.2278091331584455E-05
 0.3117051407900273E-02    0.3089114694752225E-04   -0.2631011021236583E-05
 0.3276867515932217E-02    0.3568252039855384E-04   -0.3038012153561205E-05
 0.3444877571041508E-02    0.4120933847430261E-04   -0.3507255765468216E-05
 0.3621501685878449E-02    0.4758283222260356E-04   -0.4048107593092501E-05
 0.3807181512729525E-02    0.5493070200842733E-04   -0.4671310245069675E-05
 0.4002381347878166E-02    0.6339948065044334E-04   -0.5389178794269561E-05
 0.4207589292587296E-02    0.7315721958412441E-04   -0.6215822724226254E-05
 0.4423318473606734E-02    0.8439653877649587E-04   -0.7167397482017081E-05
 0.4650108326257341E-02    0.9733808550875036E-04   -0.8262389227251327E-05
 0.4888525943300301E-02    0.1122344518400846E-03   -0.9521936725925499E-05
 0.5139167492964413E-02    0.1293746055483153E-03   -0.1097019471602861E-04
 0.5402659709677190E-02    0.1490888945748592E-03   -0.1263474346562387E-04
 0.5679661461227380E-02    0.1717546904297762E-03   -0.1454704964888697E-04
 0.5970865396277627E-02    0.1978027415601887E-03   -0.1674298407462301E-04
 0.6276999676346912E-02    0.2277243132481866E-03   -0.1926340220628933E-04
 0.6598829796593634E-02    0.2620791960432561E-03   -0.2215479380096276E-04
 0.6937160499952235E-02    0.3015046698689774E-03   -0.2547000835222625E-04
 0.7292837789409701E-02    0.3467255155442673E-03   -0.2926906332995805E-04
 0.7666751043453704E-02    0.3985651692368177E-03   -0.3362004244523787E-04
 0.8059835239982070E-02    0.4579581179618227E-03   -0.3860009130237791E-04
 0.8473073294234534E-02    0.5259636352131953E-03   -0.4429651779757719E-04
 0.8907498516592817E-02    0.6037809546338922E-03   -0.5080800444271266E-04
 0.9364197196394806E-02    0.6927659756558396E-03   -0.5824593938288259E-04
 0.9844311318223727E-02    0.7944495875071268E-03   -0.6673587217790721E-04
 0.1034904141746443E-01    0.9105576859961352E-03   -0.7641909936085956E-04
 0.1087964958226718E-01    0.1043032939992896E-02   -0.8745438328958942E-04
 0.1143746260942544E-01    0.1194058340328321E-02   -0.1000198057766627E-03
 0.1202387532205893E-01    0.1366082531539620E-02   -0.1143147553129768E-03
 0.1264035405739798E-01    0.1561846884947213E-02   -0.1305620432721842E-03
 0.1328844033339037E-01    0.1784414218212942E-02   -0.1490101401660134E-03
 0.1396975470329914E-01    0.2037198999892515E-02   -0.1699355176740290E-03
 0.1468600080792988E-01    0.2323998795488522E-02   -0.1936450756466424E-03
 0.1543896963562008E-01    0.2649026611945716E-02   -0.2204786254256277E-03
 0.1623054400064294E-01    0.3016943678145698E-02   -0.2508113914940362E-03
 0.1706270325122367E-01    0.3432892057483409E-02   -0.2850564825207672E-03
 0.1793752821894113E-01    0.3902526322873873E-02   -0.3236672701916736E-03
 0.1885720642189058E-01    0.4432043332585538E-02   -0.3671395997446023E-03
 0.1982403753461838E-01    0.5028208925555012E-02   -0.4160137398316681E-03
 0.2084043913850618E-01    0.5698380106316886E-02   -0.4708759612762767E-03
 0.2190895276698367E-01    0.6450521012208206E-02   -0.5323596146325896E-03
 0.2303225026068591E-01    0.7293210650033116E-02   -0.6011455554743038E-03
 0.2421314044844671E-01    0.8235640058273406E-02   -0.6779617444687004E-03
 0.2545457617083370E-01    0.9287596198413657E-02   -0.7635818271363031E-03
 0.2675966166378783E-01    0.1045942951143681E-01   -0.8588224765510157E-03
 0.2813166032083016E-01    0.1176200170214059E-01   -0.9645392620979077E-03
 0.2957400285324549E-01    0.1320660994684756E-01   -0.1081620789973746E-02
 0.3109029586864752E-01    0.1480488337516215E-01   -0.1210980847776661E-02
 0.3268433088937651E-01    0.1656864737357625E-01   -0.1353548277831239E-02
 0.3436009383328007E-01    0.1850975102231538E-01   -0.1510254303494326E-02
 0.3612177498058387E-01    0.2063985283615059E-01   -0.1682017041304003E-02
 0.3797377945177492E-01    0.2297015996946472E-01   -0.1869722951183930E-02
 0.3992073822269722E-01    0.2551111620556062E-01   -0.2074205008648962E-02
 0.4196751970440363E-01    0.2827203442539291E-01   -0.2296217428626443E-02
 0.4411924191671926E-01    0.3126066989227189E-01   -0.2536406831549345E-02
 0.4638128528595697E-01    0.3448273165210668E-01   -0.2795279820169533E-02
 0.4875930609878561E-01    0.3794133069271424E-01   -0.3073167031483779E-02
 0.5125925064589297E-01    0.4163636529212560E-01   -0.3370183843851443E-02
 0.5388737009080979E-01    0.4556384627570668E-01   -0.3686188056753939E-02
 0.5665023610107465E-01    0.4971516775183543E-01   -0.4020735022153183E-02
 0.5955475728082583E-01    0.5407633235241319E-01   -0.4373030895047289E-02
 0.6260819644591026E-01    0.5862714409605847E-01   -0.4741884889948903E-02
 0.6581818878470604E-01    0.6334038671876462E-01   -0.5125661682775870E-02
 0.6919276095007051E-01    0.6818101063846110E-01   -0.5522235385954621E-02
 0.7274035113015324E-01    0.7310535753968506E-01   -0.5928946847400350E-02
 0.7646983014826163E-01    0.7806045771455745E-01   -0.6342566375392446E-02
 0.8039052364453982E-01    0.8298344152170772E-01   -0.6759264357371991E-02
 0.8451223539492653E-01    0.8780111227357983E-01   -0.7174592597173380E-02
 0.8884527182570151E-01    0.9242973308126490E-01   -0.7583479505479167E-02
 0.9340046778491957E-01    0.9677508412814133E-01   -0.7980242492567515E-02
 0.9818921363517440E-01    0.1007328488940491E+00   -0.8358620969596536E-02
 0.1032234837354379E+00    0.1041893873685400E+00   -0.8711833197267163E-02
 0.1085158663831950E+00    0.1070229506675095E+00   -0.9032659763815063E-02
 0.1140795952917440E+00    0.1091053842035262E+00   -0.9313555677938961E-02
 0.1199285826813733E+00    0.1103043553451102E+00   -0.9546791906102962E-02
 0.1260774540671584E+00    0.1104861262787085E+00   -0.9724625691393318E-02
 0.1325415848303679E+00    0.1095188737993655E+00   -0.9839497241088124E-02
 0.1393371386649252E+00    0.1072765355321096E+00   -0.9884248497683842E-02
 0.1464811079950624E+00    0.1036431373822135E+00   -0.9852357896225766E-02
 0.1539913564652325E+00    0.9851753069237346E-01   -0.9738183466446575E-02
 0.1618866636085246E+00    0.9181844046334250E-01   -0.9537205556395593E-02
 0.1701867718052788E+00    0.8348969868458331E-01   -0.9246259973944924E-02
 0.1789124356493201E+00    0.7350550964129826E-01   -0.8863752504708500E-02
 0.1880854738452541E+00    0.6187556706633797E-01   -0.8389846483837188E-02
 0.1977288237665927E+00    0.4864981618042751E-01   -0.7826616160149732E-02
 0.2078665988111361E+00    0.3392262733244481E-01   -0.7178159682761116E-02
 0.2185241486970266E+00    0.1783612330547298E-01   -0.6450666323737748E-02
 0.2297281228502490E+00    0.5823820364385589E-03   -0.5652432756181778E-02
 0.2415065370420756E+00   -0.1759577496829820E-01   -0.4793822743475610E-02
 0.2538888434430882E+00   -0.3640569438628392E-01   -0.3887163636472033E-02
 0.2669060042689446E+00   -0.5550776182709071E-01   -0.2946572101469733E-02
 0.2805905692020456E+00   -0.7452043218565461E-01   -0.1987701261061400E-02
 0.2949767567826956E+00   -0.9302752471594583E-01   -0.1027402807521839E-02
 0.3101005399732767E+00   -0.1105877534325235E+00   -0.8330144883892632E-04
 0.3259997361093921E+00   -0.1267462950178251E+00    0.8267142749588901E-03
 0.3427141014629037E+00   -0.1410480076659477E+00    0.1685071368583571E-02
 0.3602854306533192E+00   -0.1530517274878413E+00    0.2475137328953501E-02
 0.3787576611561113E+00   -0.1623449131126780E+00    0.3181854780356911E-02
 0.3981769831692922E+00   -0.1685578150312812E+00    0.3792340846978363E-02
 0.4185919551129680E+00   -0.1713763410349717E+00    0.4296401826160686E-02
 0.4400536250506819E+00   -0.1705528886847439E+00    0.4686915755401421E-02
 0.4626156583361626E+00   -0.1659146188026822E+00    0.4960044924691334E-02
 0.4863344718046623E+00   -0.1573689287369029E+00    0.5115256766313828E-02
 0.5112693748444305E+00   -0.1449062091902164E+00    0.5155152839828347E-02
 0.5374827177010773E+00   -0.1286002780800636E+00    0.5085128569722543E-02
 0.5650400473856650E+00   -0.1086071187906740E+00    0.4912907093275938E-02
 0.5940102715763773E+00   -0.8516265496194091E-01    0.4648005265764858E-02
 0.6244658309236064E+00   -0.5858023556527100E-01    0.4301195661849841E-02
 0.6564828801893130E+00   -0.2924827774592975E-01    0.3884023895501442E-02
 0.6901414786735977E+00    0.2371848677763458E-02    0.3408426149874284E-02
 0.7255257904046520E+00    0.3574804640511647E-01    0.2886469686048077E-02
 0.7627242945926684E+00    0.7028059039723794E-01    0.2330213066465077E-02
 0.8018300068739527E+00    0.1053071527719544E+00    0.1751657677290979E-02
 0.8429407118984635E+00    0.1401108640214071E+00    0.1162742877160454E-02
 0.8861592078423725E+00    0.1739322930227473E+00    0.5753280110420633E-03
 0.9315935634570484E+00    0.2059857019247067E+00    0.1108155421904717E-05
 0.9793573882972270E+00    0.2354791691014813E+00   -0.5485731501089986E-03
 0.1029570116804074E+01    0.2616373042193835E+00   -0.1063024542243213E-02
 0.1082357306953498E+01    0.2837244856482063E+00   -0.1532600022728884E-02
 0.1137850954216494E+01    0.3010660318791155E+00   -0.1949134509961946E-02
 0.1196189821616567E+01    0.3130646521513753E+00   -0.2306350517035712E-02
 0.1257519786709578E+01    0.3192100212298862E+00   -0.2600156846460865E-02
 0.1321994206353610E+01    0.3190804120557165E+00   -0.2828767619840444E-02
 0.1389774300181000E+01    0.3123369178365615E+00   -0.2992591758574426E-02
 0.1461029553731390E+01    0.2987127241583489E+00   -0.3093875717285039E-02
 0.1535938142253860E+01    0.2780018916082311E+00   -0.3136120893234342E-02
 0.1614687376237858E+01    0.2500538559181562E+00   -0.3123336463823743E-02
 0.1697474169786987E+01    0.2147809737958039E+00   -0.3059223770993632E-02
 0.1784505533006835E+01    0.1721865354111342E+00   -0.2946415859381172E-02
 0.1875999089638066E+01    0.1224193231752205E+00   -0.2785911801189503E-02
 0.1972183621229121E+01    0.6585766950113728E-01   -0.2576846080570323E-02
 0.2073299639209264E+01    0.3220857951385174E-02   -0.2316713952461057E-02
 0.2179599986292427E+01   -0.6430126930883383E-01   -0.2002129619268992E-02
 0.2291350468715695E+01   -0.1349179060689704E+00   -0.1630122321268753E-02
 0.2408830520893354E+01   -0.2061318502477693E+00   -0.1199877743189980E-02
 0.2532333904148474E+01   -0.2746914370202632E+00   -0.7147180256321312E-03
 0.2662169441269232E+01   -0.3366348079172696E+00   -0.1840021711098698E-03
 0.2798661788726742E+01   -0.3874576943750927E+00    0.3754530497082565E-03
 0.2942152248485335E+01   -0.4224240017200911E+00    0.9388533949542827E-03
 0.3092999621435251E+01   -0.4370180869165952E+00    0.1474167860221396E-02
 0.3251581104581752E+01   -0.4275102598426070E+00    0.1944332484750546E-02
 0.3418293234234111E+01   -0.3915764351829717E+00    0.2310880600930700E-02
 0.3593552877552928E+01   -0.3288847562167400E+00    0.2538673918525486E-02
 0.3777798274935171E+01   -0.2415434172256493E+00    0.2601121442497746E-02
 0.3971490135843438E+01   -0.1343018689369397E+00    0.2485049294099371E-02
 0.4175112790819585E+01   -0.1441743894109298E-01    0.2194287354538126E-02
 0.4389175402563355E+01    0.1088572514566130E+00    0.1751120508693000E-02
 0.4614213239104344E+01    0.2251477812197637E+00    0.1195037126741823E-02
 0.4850789012250877E+01    0.3241018617289916E+00    0.5786721535844105E-03
 0.5099494284662639E+01    0.3966473183045408E+00   -0.3859438072838009E-04
 0.5360950949065451E+01    0.4361654605634828E+00   -0.5983906209005960E-03
 0.5635812783307012E+01    0.4393767637480246E+00   -0.1051110327187440E-02
 0.5924767085142062E+01    0.4067752381020391E+00   -0.1362262607438553E-02
 0.6228536390834766E+01    0.3425259350640021E+00   -0.1516266231293244E-02
 0.6547880281875716E+01    0.2538404511803058E+00   -0.1517077711837231E-02
 0.6883597284331323E+01    0.1499445935586717E+00   -0.1385715958110711E-02
 0.7236526865574901E+01    0.4082641221224725E-01   -0.1155380840264374E-02
 0.7607551533392368E+01   -0.6401612008355523E-01   -0.8652964124553195E-03
 0.7997599042711387E+01   -0.1566262216449942E+00   -0.5545430055707548E-03
 0.8407644715471930E+01   -0.2312954857523641E+00   -0.2569691273671295E-03
 0.8838713879439149E+01   -0.2848660881825833E+00    0.2123797485922651E-05
 0.9291884432056865E+01   -0.3166490533372502E+00    0.2073165619910980E-03
 0.9768289535752617E+01   -0.3280428059636175E+00    0.3526530441506010E-03
 0.1026912045143399E+02   -0.3219697095963513E+00    0.4399749984479301E-03
 0.1079562951726135E+02   -0.3022512580013517E+00    0.4766173783633685E-03
 0.1134913328014559E+02   -0.2730222050855112E+00    0.4730121235730660E-03
 0.1193101578780117E+02   -0.2382511485177364E+00    0.4405945559879913E-03
 0.1254273204958628E+02   -0.2014004701977677E+00    0.3902250966287207E-03
 0.1318581167478415E+02   -0.1652294647328995E+00    0.3311809664382858E-03
 0.1386186269742300E+02   -0.1317243421973364E+00    0.2706635691499156E-03
 0.1457257559719868E+02   -0.1021276709317958E+00    0.2137103361521544E-03
 0.1531972752655444E+02   -0.7703596230904972E-01    0.1633839235027808E-03
 0.1610518675448773E+02   -0.5653522544401832E-01    0.1211212516001635E-03
 0.1693091733819582E+02   -0.4034850920035431E-01    0.8714654889698134E-04
 0.1779898403424185E+02   -0.2797534425726454E-01    0.6087769800512293E-04
 0.1871155746152166E+02   -0.1880964164823597E-01    0.4127953875363626E-04
 0.1967091952894174E+02   -0.1222918262134718E-01    0.2713956392224235E-04
 0.2067946914138002E+02   -0.7655575960008871E-02    0.1725959182913545E-04
 0.2173972819819762E+02   -0.4587828388547913E-02    0.1057051635534717E-04
 0.2285434789930087E+02   -0.2615149772937380E-02    0.6185426544011353E-05
 0.2402611537452199E+02   -0.1415384375231219E-02    0.3409377297655191E-05
 0.2525796065289547E+02   -0.7449488411618941E-03    0.1722970538718793E-05
 0.2655296398925679E+02   -0.4249400499822798E-03    0.7533668130977154E-06
 0.2791436356648396E+02   -0.3266658862907622E-03    0.2420689343691625E-06
 0.2934556359264142E+02   -0.3585835872222197E-03    0.1498007416734431E-07
 0.3085014281327337E+02   -0.4556417918374025E-03   -0.4262146011095132E-07
 0.3243186346013171E+02   -0.5713371759441418E-03   -0.5436971801358723E-08
 0.3409468065871507E+02   -0.6723135533561231E-03    0.7791561014638917E-07
 0.3584275231814270E+02   -0.7351033628972401E-03    0.1754920048130602E-06
 0.3768044952809305E+02   -0.7444174880762749E-03    0.2661516545175983E-06
 0.3961236748880471E+02   -0.6924029702486722E-03    0.3361709481514587E-06
 0.4164333700147059E+02   -0.5783046933671824E-03    0.3774304834993727E-06
 0.4377843654775712E+02   -0.4080814622570054E-03    0.3864520897488350E-06
 0.4602300498865372E+02   -0.1936632265933989E-03    0.3637643015718577E-06
 0.4838265491440612E+02    0.4831095420333630E-04    0.3132767640998531E-06
 0.5086328667891544E+02    0.2982726715107566E-03    0.2415109613550571E-06
 0.5347110315369635E+02    0.5358884100875326E-03    0.1566513575543599E-06
 0.5621262523828673E+02    0.7423612751234065E-03    0.6748898303740991E-07
 0.5909470816589314E+02    0.9025518213915656E-03   -0.1761787089014418E-07
 0.6212455864504455E+02    0.1006616015458265E-02   -0.9167078786280561E-07
 0.6530975288011747E+02    0.1050903662539719E-02   -0.1497005155562609E-06
 0.6865825551579320E+02    0.1037981029800137E-02   -0.1890917599771705E-06
 0.7217843955281801E+02    0.9757996382553996E-03   -0.2095692175280428E-06
 0.7587910728486646E+02    0.8761790100920501E-03   -0.2128635792549558E-06
 0.7976951230886041E+02    0.7528951711494744E-03   -0.2021573827020732E-06
 0.8385938266378133E+02    0.6197194619639736E-03   -0.1814255602042441E-06
 0.8815894515583484E+02    0.4887358612821071E-03   -0.1547897134508138E-06
 0.9267895093079316E+02    0.3691796285252191E-03   -0.1259860687726544E-06
 0.9743070235745957E+02    0.2669096825568316E-03   -0.9800455975359121E-07
 0.1024260812894775E+03    0.1844902497275529E-03   -0.7291908635130920E-07
 0.1076775787761537E+03    0.1217421904298051E-03   -0.5188903014942071E-07
 0.1131983262965877E+03    0.7656101273633669E-04   -0.3528772122822236E-07
 0.1190021285952095E+03    0.4579093262287962E-04   -0.2290352634443839E-07
 0.1251034982008314E+03    0.2598512655549821E-04   -0.1416105200056074E-07
 0.1315176917155289E+03    0.1395289779148430E-04   -0.8320623311875565E-08
 0.1382607479640929E+03    0.7067368367434932E-05   -0.4632462447020555E-08
 0.1453495280994460E+03    0.3364982843750675E-05   -0.2435292260198730E-08
 0.1528017577643072E+03    0.1500055856035765E-05   -0.1203971263270750E-08
 0.1606360714145318E+03    0.6232500540994837E-06   -0.5570904237784115E-09
 0.1688720589149570E+03    0.2400737391118602E-06   -0.2400172069555335E-09
 0.1775303145242683E+03    0.8519961889718001E-07   -0.9557833215969223E-10
 0.1866324883913728E+03    0.2764625623191439E-07   -0.3505575590582683E-10
 0.1962013406920489E+03    0.8193630019221411E-08   -0.1152349953102764E-10
 0.2062607985412410E+03    0.2101701249897328E-08   -0.3679273808216793E-11
 0.2168360158233096E+03    0.5927919735863032E-09   -0.6462229466270837E-12
