 0.0000000000000000E+00    0.0000000000000000E+00    0.0000000000000000E+00
 0.1464888467886403E-08    0.2621716179073725E-32   -0.6168603899855133E-35
 0.3004883373589934E-08    0.6080684501175269E-31   -0.7696845549779734E-34
 0.4623835506522379E-08    0.3405953025703469E-30    0.2196319477885456E-34
 0.6325793090290573E-08    0.1193200038689113E-29   -0.1560055691156586E-34
 0.8115011905364052E-08    0.3231558525382886E-29   -0.1489498614665495E-34
 0.9995965930742960E-08    0.7439700910183451E-29   -0.5264335243330317E-34
 0.1197335853123594E-07    0.1531512882774135E-28   -0.1259892161400259E-33
 0.1405213421832203E-07    0.2905533586118267E-28   -0.2815469714760952E-33
 0.1623749101400485E-07    0.5180030989518148E-28   -0.5796083468410305E-33
 0.1853489344857512E-07    0.8794616517896797E-28   -0.1123353836058494E-32
 0.2095008622478276E-07    0.1435488241048943E-27   -0.2072455230622332E-32
 0.2348910858258601E-07    0.2268414234421524E-27   -0.3671872312650012E-32
 0.2615830940039708E-07    0.3488950058301748E-27   -0.6289318484839892E-32
 0.2896436307058510E-07    0.5244593595826811E-27   -0.1046827010965777E-31
 0.3191428618893363E-07    0.7730299154812790E-27   -0.1700120306016816E-31
 0.3501545509978486E-07    0.1120197806445326E-26   -0.2703039744249860E-31
 0.3827562434074268E-07    0.1599354045543598E-26   -0.4218571242195376E-31
 0.4170294603305579E-07    0.2253835895749454E-26   -0.6477205374266688E-31
 0.4530599026616714E-07    0.3139624648161456E-26   -0.9802380082796761E-31
 0.4909376652740141E-07    0.4328730124244213E-26   -0.1464484885343041E-30
 0.5307574623037623E-07    0.5913429414426737E-26   -0.2162887476042725E-30
 0.5726188639846966E-07    0.8011567062923458E-26   -0.3161416078732518E-30
 0.6166265456256494E-07    0.1077317282892641E-25   -0.4577876713463206E-30
 0.6628905493533010E-07    0.1438871341065567E-25   -0.6572974333299372E-30
 0.7115265592748138E-07    0.1909936870402085E-25   -0.9365016083428923E-30
 0.7626561907483577E-07    0.2520981446234730E-25   -0.1324942260543685E-29
 0.8164072944848522E-07    0.3310410552822832E-25   -0.1862460378916071E-29
 0.8729142762413383E-07    0.4326539190548818E-25   -0.2602618244287500E-29
 0.9323184329053795E-07    0.5630036969106565E-25   -0.3617211687939066E-29
 0.9947683058108790E-07    0.7296957747875819E-25   -0.5002213863695489E-29
 0.1060420052168787E-06    0.9422490508433560E-25   -0.6885603031306809E-29
 0.1129437835541465E-06    0.1212559961126968E-24   -0.9437649268243755E-29
 0.1201994236337104E-06    0.1555476122082102E-24   -0.1288439807809004E-28
 0.1278270683350633E-06    0.1989505009861992E-24   -0.1752533457278443E-28
 0.1358457907430214E-06    0.2537688914602960E-24   -0.2375652460695626E-28
 0.1442756418403704E-06    0.3228684545310524E-24   -0.3210087794827039E-28
 0.1531377006457672E-06    0.4098094415052258E-24   -0.4324764302467267E-28
 0.1624541269222654E-06    0.5190107870547608E-24   -0.5810393202977927E-28
 0.1722482165882662E-06    0.6559522790334093E-24   -0.7786194906820019E-28
 0.1825444599694479E-06    0.8274235106525353E-24   -0.1040865816564233E-27
 0.1933686030373371E-06    0.1041830307379137E-23   -0.1388293289773261E-27
 0.2047477117876480E-06    0.1309571743181024E-23   -0.1847764566439480E-27
 0.2167102399193693E-06    0.1643503828276095E-23   -0.2454416935954065E-27
 0.2292860999838330E-06    0.2059509585530308E-23   -0.3254165690438028E-27
 0.2425067381816732E-06    0.2577199684566843E-23   -0.4306951756615241E-27
 0.2564052129947074E-06    0.3220773254342224E-23   -0.5690954396176435E-27
 0.2710162778493604E-06    0.4020075170061182E-23   -0.7508056785533845E-27
 0.2863764680183328E-06    0.5011894282377288E-23   -0.9890930276466011E-27
 0.3025241919778125E-06    0.6241557060392303E-23   -0.1301220616799481E-26
 0.3194998274486721E-06    0.7764883364123426E-23   -0.1709634942557125E-26
 0.3373458223618025E-06    0.9650586047113492E-23   -0.2243503317171248E-26
 0.3561068010000500E-06    0.1198321442741616E-22   -0.2940703039697482E-26
 0.3758296755821676E-06    0.1486676410321349E-22   -0.3850392580586150E-26
 0.3965637635677972E-06    0.1842910304224490E-22   -0.5036334984856506E-26
 0.4183609109768069E-06    0.2282739745999474E-22   -0.6581194298940082E-26
 0.4412756220313464E-06    0.2825476208690673E-22   -0.8592086306971991E-26
 0.4653651954447920E-06    0.3494840968050018E-22   -0.1120774420159392E-25
 0.4906898676983756E-06    0.4319963610646622E-22   -0.1460776897112893E-25
 0.5173129636637640E-06    0.5336605249004343E-22   -0.1902457284996030E-25
 0.5453010549482219E-06    0.6588656787660248E-22   -0.2475879166795866E-25
 0.5747241263583063E-06    0.8129973826801649E-22   -0.3219916095485822E-25
 0.6056557508983357E-06    0.1002662353774098E-21   -0.4184814868195878E-25
 0.6381732737412239E-06    0.1235963565404121E-21   -0.5435501636541820E-25
 0.6723580056316995E-06    0.1522837027448242E-21   -0.7055844266415497E-25
 0.7082954262055200E-06    0.1875464030135316E-21   -0.9154144657522090E-25
 0.7460753977330867E-06    0.2308775705662954E-21   -0.1187021600421208E-24
 0.7857923898219268E-06    0.2841070517212108E-21   -0.1538450342748280E-24
 0.8275457156399195E-06    0.3494769875614017E-21   -0.1992983373713944E-24
 0.8714397802499461E-06    0.4297342695427524E-21   -0.2580654570652164E-24
 0.9175843416769288E-06    0.5282436561282949E-21   -0.3340197367409531E-24
 0.9660947853600637E-06    0.6491261559101665E-21   -0.4321553949304923E-24
 0.1017092412676520E-05    0.7974283073743622E-21   -0.5589105768373173E-24
 0.1070704744258067E-05    0.9793292378410716E-21   -0.7225831271826539E-24
 0.1127065838859076E-05    0.1202393914714470E-20   -0.9338657029193950E-24
 0.1186316628573230E-05    0.1475882872751179E-20   -0.1206534537018879E-23
 0.1248605271237174E-05    0.1811130987053826E-20   -0.1558335757989548E-23
 0.1314087520902274E-05    0.2222010655093212E-20   -0.2012125599089011E-23
 0.1382927117300871E-05    0.2725498164878856E-20   -0.2597337239879997E-23
 0.1455296195280908E-05    0.3342366198023719E-20   -0.3351867978976071E-23
 0.1531375715232703E-05    0.4098030513980636E-20   -0.4324506702676881E-23
 0.1611355915584188E-05    0.5023585090527268E-20   -0.5578055591513704E-23
 0.1695436788496068E-05    0.6157067606526174E-20   -0.7193344645675384E-23
 0.1783828579946393E-05    0.7545006452581890E-20   -0.9274394668441318E-23
 0.1876752315455018E-05    0.9244311817886447E-20   -0.1195505616119242E-22
 0.1974440352762524E-05    0.1132458728469668E-19   -0.1540754436014438E-22
 0.2077136962845610E-05    0.1387095532428850E-19   -0.1985341204155977E-22
 0.2185098940721755E-05    0.1698751081247748E-19   -0.2557765700284670E-22
 0.2298596247570535E-05    0.2080154200272386E-19   -0.3294685724304130E-22
 0.2417912685777177E-05    0.2546868932902990E-19   -0.4243247994459864E-22
 0.2543346608586357E-05    0.3117925020351470E-19   -0.5464084039101113E-22
 0.2675211666140708E-05    0.3816588414458645E-19   -0.7035160935016058E-22
 0.2813837589769559E-05    0.4671302897757192E-19   -0.9056730244766368E-22
 0.2959571016489000E-05    0.5716840775824492E-19   -0.1165768747804403E-21
 0.3112776355774981E-05    0.6995709025088427E-19   -0.1500374409365668E-21
 0.3273836700776816E-05    0.8559867562971463E-19   -0.1930792890380777E-21
 0.3443154786249595E-05    0.1047282886985440E-18   -0.2484408153876220E-21
 0.3621153995600854E-05    0.1281222353858097E-18   -0.3196418843772291E-21
 0.3808279419569616E-05    0.1567293507362896E-18   -0.4112065547630222E-21
 0.4004998969185085E-05    0.1917093016165841E-18   -0.5289492341872913E-21
 0.4211804545787937E-05    0.2344793860762944E-18   -0.6803422930245653E-21
 0.4429213271039894E-05    0.2867717129932410E-18   -0.8749882777368707E-21
 0.4657768779997231E-05    0.3507030629974296E-18   -0.1125226478614840E-20
 0.4898042580481593E-05    0.4288602414691063E-18   -0.1446912081120773E-20
 0.5150635482147220E-05    0.5244043571027677E-18   -0.1860416923818769E-20
 0.5416179098818047E-05    0.6411982201091727E-18   -0.2391914769731564E-20
 0.5695337427851240E-05    0.7839619831056749E-18   -0.3075031941541434E-20
 0.5988808510476464E-05    0.9584632823852165E-18   -0.3952967160751297E-20
 0.6297326177262543E-05    0.1171749523060483E-17   -0.5081213744136872E-20
 0.6621661883076117E-05    0.1432431644114851E-17   -0.6531054989075668E-20
 0.6962626636120645E-05    0.1751030766498782E-17   -0.8394052197340437E-20
 0.7321073025879346E-05    0.2140401651926167E-17   -0.1078780707054812E-19
 0.7697897355033002E-05    0.2616249983090747E-17   -0.1386335968060121E-19
 0.8094041880683526E-05    0.3197764241113712E-17   -0.1781468528645032E-19
 0.8510497170487513E-05    0.3908387553886734E-17   -0.2289088477022356E-19
 0.8948304579591345E-05    0.4776760503605961E-17   -0.2941183187335370E-19
 0.9408558854561478E-05    0.5837872737829004E-17   -0.3778825535330932E-19
 0.9892410870821081E-05    0.7134469599993941E-17   -0.4854750997889673E-19
 0.1040107051043806E-04    0.8718770217122003E-17   -0.6236664504781863E-19
 0.1093580968746044E-04    0.1065456596274812E-16   -0.8011483314428578E-19
 0.1149796552836397E-04    0.1301978345032295E-16   -0.1029078012338807E-18
 0.1208894371556481E-04    0.1590961481442987E-16   -0.1321776486926793E-18
 0.1271022200235775E-04    0.1944034074594532E-16   -0.1697623902347552E-18
 0.1336335390806918E-04    0.2375399946768322E-16   -0.2180207804804264E-18
 0.1404997260266460E-04    0.2902408867295137E-16   -0.2799795309096437E-18
 0.1477179499052420E-04    0.3546252874696653E-16   -0.3595220180220320E-18
 0.1553062600359813E-04    0.4332816599165783E-16   -0.4616301284085586E-18
 0.1632836311467648E-04    0.5293715607941864E-16   -0.5926941364991235E-18
 0.1716700108205966E-04    0.6467564301067240E-16   -0.7609096478577349E-18
 0.1804863693749314E-04    0.7901524041712430E-16   -0.9767859202364631E-18
 0.1897547522983911E-04    0.9653193376037284E-16   -0.1253796616903416E-17
 0.1994983353759693E-04    0.1179291582384999E-15   -0.1609212625810334E-17
 0.2097414826405659E-04    0.1440659734085685E-15   -0.2065167466509689E-17
 0.2205098072957594E-04    0.1759914582082783E-15   -0.2650019647896430E-17
 0.2318302357621577E-04    0.2149866971864749E-15   -0.3400093936547653E-17
 0.2437310750074745E-04    0.2626160300329711E-15   -0.4361905782125836E-17
 0.2562420833286936E-04    0.3207896037420002E-15   -0.5595001290164447E-17
 0.2693945447633111E-04    0.3918397143154647E-15   -0.7175580691124730E-17
 0.2832213473157248E-04    0.4786139702828173E-15   -0.9201118142809995E-17
 0.2977570651943756E-04    0.5845889747316830E-15   -0.1179624711975957E-16
 0.3130380452652774E-04    0.7140090318429872E-15   -0.1512025127396037E-16
 0.3291024979381145E-04    0.8720553695092015E-15   -0.1937658898477973E-16
 0.3459905927121687E-04    0.1065052569650625E-14   -0.2482499001423565E-16
 0.3637445586209909E-04    0.1300720358729881E-14   -0.3179679933089644E-16
 0.3824087898269810E-04    0.1588480689105878E-14   -0.4071441158869797E-16
 0.4020299566299177E-04    0.1939832205836474E-14   -0.5211584651779515E-16
 0.4226571221670179E-04    0.2368806826728028E-14   -0.6668576783424821E-16
 0.4443418650963349E-04    0.2892526367350869E-14   -0.8529455309877194E-16
 0.4671384085702703E-04    0.3531881041060587E-14   -0.1090473858841978E-15
 0.4911037558216980E-04    0.4312356407567990E-14   -0.1393457712092205E-15
 0.5162978327017385E-04    0.5265041116420341E-14   -0.1779643743260866E-15
 0.5427836375256006E-04    0.6427854819275576E-14   -0.2271466486896381E-15
 0.5706273986011834E-04    0.7847044183596420E-14   -0.2897233391294808E-15
 0.5998987398343435E-04    0.9579005370473363E-14   -0.3692585963846787E-15
 0.6306708548249245E-04    0.1169250406043226E-13   -0.4702290718905858E-15
 0.6630206898888816E-04    0.1427137964338784E-13   -0.5982418921588125E-15
 0.6970291364641513E-04    0.1741783917918022E-13   -0.7602977068087248E-15
 0.7327812333813805E-04    0.2125646999003771E-13   -0.9651048717452366E-15
 0.7703663795052979E-04    0.2593912827395199E-13   -0.1223450005265210E-14
 0.8098785572784418E-04    0.3165089618762644E-13   -0.1548628313685711E-14
 0.8514165677262189E-04    0.3861734300189984E-13   -0.1956933939434690E-14
 0.8950842775109324E-04    0.4711337908522433E-13   -0.2468206206937467E-14
 0.9409908786525382E-04    0.5747405685288095E-13   -0.3106423206978262E-14
 0.9892511615655710E-04    0.7010775284047117E-13   -0.3900333630243637E-14
 0.1039985802094972E-03    0.8551226189580091E-13   -0.4884130883142718E-14
 0.1093321663268559E-03    0.1042944494224817E-12   -0.6098218352211969E-14
 0.1149392112520675E-03    0.1271942408769454E-12   -0.7590211438766579E-14
 0.1208337355180243E-03    0.1551138812125357E-12   -0.9416457370797483E-14
 0.1270304785057119E-03    0.1891535831261816E-12   -0.1164441524902020E-13
 0.1335449353003386E-03    0.2306549292543045E-12   -0.1435606808992568E-13
 0.1403933954371200E-03    0.2812537212793676E-12   -0.1765220732189409E-13
 0.1475929836336018E-03    0.3429443711697179E-12   -0.2165729092340720E-13
 0.1551617026103730E-03    0.4181583939641449E-12   -0.2652479725206420E-13
 0.1631184781072453E-03    0.5098601053360579E-12   -0.3244332333924725E-13
 0.1714832062074601E-03    0.6216632900360697E-12   -0.3964384213082152E-13
 0.1802768030882603E-03    0.7579734244951207E-12   -0.4840855281037977E-13
 0.1895212573222279E-03    0.9241610385124331E-12   -0.5908175375469741E-13
 0.1992396848601690E-03    0.1126773023025606E-11   -0.7208319723537907E-13
 0.2094563868330313E-03    0.1373790179860640E-11   -0.8792445556693202E-13
 0.2201969103173893E-03    0.1674941122911198E-11   -0.1072289346586660E-12
 0.2314881122164428E-03    0.2042084849201324E-11   -0.1307563096304278E-12
 0.2433582264162638E-03    0.2489676988959443E-11   -0.1594323299615958E-12
 0.2558369343852183E-03    0.3035338021104665E-11   -0.1943851534885707E-12
 0.2689554393930972E-03    0.3700545732212510E-11   -0.2369896259859679E-12
 0.2827465445355445E-03    0.4511479058672059E-11   -0.2889212348434423E-12
 0.2972447347588821E-03    0.5500046372618549E-11   -0.3522218441340321E-12
 0.3124862630904384E-03    0.6705138482574602E-11   -0.4293797796495560E-12
 0.3285092412899997E-03    0.8174155399886570E-11   -0.5234273930305184E-12
 0.3453537351490618E-03    0.9964866613166589E-11   -0.6380599144133982E-12
 0.3630618646761771E-03    0.1214767762987455E-10   -0.7777802312623579E-12
 0.3816779094189163E-03    0.1480839139139697E-10   -0.9480752411815212E-12
 0.4012484191858008E-03    0.1805157245946113E-10   -0.1155630654965565E-11
 0.4218223304450712E-03    0.2200464535433288E-10   -0.1408592617356369E-11
 0.4434510886913474E-03    0.2682288700664240E-10   -0.1716886328300924E-11
 0.4661887770861622E-03    0.3269550806813368E-10   -0.2092604060845758E-11
 0.4900922516940355E-03    0.3985306015402721E-10   -0.2550477662416536E-11
 0.5152212836522509E-03    0.4857645759242485E-10   -0.3108453890713185E-11
 0.5416387086298322E-03    0.5920796491564454E-10   -0.3788394907462057E-11
 0.5694105839494456E-03    0.7216457755130439E-10   -0.4616931093621490E-11
 0.5986063537651136E-03    0.8795431588264280E-10   -0.5626499230346493E-11
 0.6292990227087730E-03    0.1071960656018016E-09   -0.6856606220537143E-11
 0.6615653384398801E-03    0.1306437343894315E-09   -0.8355367196328960E-11
 0.6954859835545361E-03    0.1592156616534392E-09   -0.1018137741719279E-10
 0.7311457773340025E-03    0.1940304207056798E-09   -0.1240599018312166E-10
 0.7686338878370852E-03    0.2364503990636939E-09   -0.1511608851986012E-10
 0.8080440548667263E-03    0.2881348418897847E-09   -0.1841745726579940E-10
 0.8494748243683396E-03    0.3511044072639031E-09   -0.2243888515608307E-10
 0.8930297948460028E-03    0.4278197237894212E-09   -0.2733715435777453E-10
 0.9388178764126811E-03    0.5212769776348409E-09   -0.3330310863141867E-10
 0.9869535631222379E-03    0.6351242077223207E-09   -0.4056903222909365E-10
 0.1037557219264207E-02    0.7738027788495654E-09   -0.4941762140447833E-10
 0.1090755380337209E-02    0.9427194627151425E-09   -0.6019289071342636E-10
 0.1146681069453613E-02    0.1148455721997638E-08   -0.7331342919424634E-10
 0.1205474129966599E-02    0.1399022206213222E-08   -0.8928850992222945E-10
 0.1267281575151388E-02    0.1704168182514229E-08   -0.1087376637838619E-09
 0.1332257955815003E-02    0.2075757703363524E-08   -0.1324144582292874E-09
 0.1400565746753787E-02    0.2528226832848907E-08   -0.1612353786147733E-09
 0.1472375753025026E-02    0.3079139306895607E-08   -0.1963148996666260E-09
 0.1547867537048561E-02    0.3749861701545867E-08   -0.2390080648880001E-09
 0.1627229867606365E-02    0.4566383662718948E-08   -0.2909621699778806E-09
 0.1710661191862824E-02    0.5560314173192075E-08   -0.3541794816991786E-09
 0.1798370131586015E-02    0.6770091393954704E-08   -0.4310933290014720E-09
 0.1890576004810793E-02    0.8242451553546700E-08   -0.5246603938790614E-09
 0.1987509374248114E-02    0.1003421195466579E-07   -0.6384726211490130E-09
 0.2089412623811908E-02    0.1221443476413200E-07   -0.7768928779940418E-09
 0.2196540564705118E-02    0.1486705226084203E-07   -0.9452193525074462E-09
 0.2309161072580428E-02    0.1809405112949395E-07   -0.1149884717286718E-08
 0.2427555757368930E-02    0.2201933379733385E-07   -0.1398697331425039E-08
 0.2552020667451633E-02    0.2679339942663713E-07   -0.1701133250516939E-08
 0.2682867029934619E-02    0.3259901684634267E-07   -0.2068689614409400E-08
 0.2820422028878922E-02    0.3965809744773750E-07   -0.2515312151002530E-08
 0.2965029623431102E-02    0.4824001909584978E-07   -0.3057912135603183E-08
 0.3117051407900273E-02    0.5867170387088135E-07   -0.3716991255758792E-08
 0.3276867515932217E-02    0.7134981468080085E-07   -0.4517396561709450E-08
 0.3444877571041508E-02    0.8675551053379645E-07   -0.5489232161895734E-08
 0.3621501685878449E-02    0.1054722899751034E-06   -0.6668959676506111E-08
 0.3807181512729525E-02    0.1282075597847851E-06   -0.8100725838346822E-08
 0.4002381347878166E-02    0.1558186949458741E-06   -0.9837963247314622E-08
 0.4207589292587296E-02    0.1893445101995690E-06   -0.1194531939517500E-07
 0.4423318473606734E-02    0.2300432480225866E-06   -0.1450097991725842E-07
 0.4650108326257341E-02    0.2794384082752998E-06   -0.1759946487495179E-07
 0.4888525943300301E-02    0.3393740077597645E-06   -0.2135499214539848E-07
 0.5139167492964413E-02    0.4120811713315236E-06   -0.2590552017176239E-07
 0.5402659709677190E-02    0.5002583292158885E-06   -0.3141760383369167E-07
 0.5679661461227380E-02    0.6071677385318447E-06   -0.3809222252785109E-07
 0.5970865396277627E-02    0.7367515732250731E-06   -0.4617176947527752E-07
 0.6276999676346912E-02    0.8937714501539178E-06   -0.5594842666779036E-07
 0.6598829796593634E-02    0.1083975996754257E-05   -0.6777419144277649E-07
 0.6937160499952235E-02    0.1314301936924154E-05   -0.8207286925004756E-07
 0.7292837789409701E-02    0.1593115198755143E-05   -0.9935440410447009E-07
 0.7666751043453704E-02    0.1930499755871197E-05   -0.1202319850003063E-06
 0.8059835239982070E-02    0.2338603332317533E-05   -0.1454424442581554E-06
 0.8473073294234534E-02    0.2832050761917815E-05   -0.1758705535581146E-06
 0.8907498516592817E-02    0.3428437733525842E-05   -0.2125779274976769E-06
 0.9364197196394806E-02    0.4148919914510042E-05   -0.2568373652448436E-06
 0.9844311318223727E-02    0.5018915071417600E-05   -0.3101735994426604E-06
 0.1034904141746443E-01    0.6068938848847201E-05   -0.3744115791884460E-06
 0.1087964958226718E-01    0.7335598378888394E-05   -0.4517335938452635E-06
 0.1143746260942544E-01    0.8862771931223955E-05   -0.5447467497657347E-06
 0.1202387532205893E-01    0.1070300743828397E-04   -0.6565625430051909E-06
 0.1264035405739798E-01    0.1291917800284702E-04   -0.7908905276744800E-06
 0.1328844033339037E-01    0.1558643847896081E-04   -0.9521483653091393E-06
 0.1396975470329914E-01    0.1879453396951124E-04   -0.1145590858326827E-05
 0.1468600080792988E-01    0.2265051865809371E-04   -0.1377460916419903E-05
 0.1543896963562008E-01    0.2728195183269788E-04   -0.1655165773234611E-05
 0.1623054400064294E-01    0.3284064729158429E-04   -0.1987482163652703E-05
 0.1706270325122367E-01    0.3950706255092554E-04   -0.2384794588704583E-05
 0.1793752821894113E-01    0.4749542537211271E-04   -0.2859371220005312E-05
 0.1885720642189058E-01    0.5705970702784919E-04   -0.3425682409523737E-05
 0.1982403753461838E-01    0.6850056430919797E-04   -0.4100767168983355E-05
 0.2084043913850618E-01    0.8217338534726747E-04   -0.4904653356410247E-05
 0.2190895276698367E-01    0.9849758760563605E-04   -0.5860837614686474E-05
 0.2303225026068591E-01    0.1179673295164752E-03   -0.6996831302098654E-05
 0.2421314044844671E-01    0.1411638096793224E-03   -0.8344778723999506E-05
 0.2545457617083370E-01    0.1687693386508806E-03   -0.9942153895406630E-05
 0.2675966166378783E-01    0.2015833772861614E-03   -0.1183254175462871E-04
 0.2813166032083016E-01    0.2405407413136192E-03   -0.1406650912049853E-04
 0.2957400285324549E-01    0.2867321730681563E-03   -0.1670256972721958E-04
 0.3109029586864752E-01    0.3414274765067604E-03   -0.1980824635674036E-04
 0.3268433088937651E-01    0.4061013989442158E-03   -0.2346123128100230E-04
 0.3436009383328007E-01    0.4824624202393032E-03   -0.2775064378769551E-04
 0.3612177498058387E-01    0.5724845749566471E-03   -0.3277838051429722E-04
 0.3797377945177492E-01    0.6784423824437193E-03   -0.3866055065735268E-04
 0.3992073822269722E-01    0.8029488905812165E-03   -0.4552898363274543E-04
 0.4196751970440363E-01    0.9489967477436500E-03   -0.5353279121973381E-04
 0.4411924191671926E-01    0.1120002100532650E-02   -0.6283995972188710E-04
 0.4638128528595697E-01    0.1319850968135084E-02   -0.7363894026334871E-04
 0.4875930609878561E-01    0.1552947563787181E-02   -0.8614019659870445E-04
 0.5125925064589297E-01    0.1824263816376104E-02   -0.1005776593656645E-03
 0.5388737009080979E-01    0.2139389087911138E-02   -0.1172100238000074E-03
 0.5665023610107465E-01    0.2504578783574962E-02   -0.1363218147340710E-03
 0.5955475728082583E-01    0.2926800210375509E-02   -0.1582241276015307E-03
 0.6260819644591026E-01    0.3413773661304695E-02   -0.1832549367930624E-03
 0.6581818878470604E-01    0.3974006291262292E-02   -0.2117788441028516E-03
 0.6919276095007051E-01    0.4616815919847399E-02   -0.2441861213469950E-03
 0.7274035113015324E-01    0.5352341461534424E-02   -0.2808908825880593E-03
 0.7646983014826163E-01    0.6191536270771220E-02   -0.3223282037381714E-03
 0.8039052364453982E-01    0.7146140330490290E-02   -0.3689499946344600E-03
 0.8451223539492653E-01    0.8228626945538412E-02   -0.4212194253298641E-03
 0.8884527182570151E-01    0.9452119472174662E-02   -0.4796037165501141E-03
 0.9340046778491957E-01    0.1083027367157722E-01   -0.5445651274514106E-03
 0.9818921363517440E-01    0.1237712156879139E-01   -0.6165500195254360E-03
 0.1032234837354379E+00    0.1410687326858347E-01   -0.6959759495577441E-03
 0.1085158663831950E+00    0.1603367405313149E-01   -0.7832168459509066E-03
 0.1140795952917440E+00    0.1817131527381766E-01   -0.8785864489078314E-03
 0.1199285826813733E+00    0.2053289903168744E-01   -0.9823203461390708E-03
 0.1260774540671584E+00    0.2313045835994062E-01   -0.1094557104694641E-02
 0.1325415848303679E+00    0.2597453648809108E-01   -0.1215319164695554E-02
 0.1393371386649252E+00    0.2907373067759120E-01   -0.1344494298304121E-02
 0.1464811079950624E+00    0.3243420795847703E-01   -0.1481818531520334E-02
 0.1539913564652325E+00    0.3605920175439047E-01   -0.1626861457266629E-02
 0.1618866636085246E+00    0.3994849979880506E-01   -0.1779014806267034E-02
 0.1701867718052788E+00    0.4409793495757210E-01   -0.1937484973307295E-02
 0.1789124356493201E+00    0.4849889172253762E-01   -0.2101289939487228E-02
 0.1880854738452541E+00    0.5313784245902813E-01   -0.2269260716308243E-02
 0.1977288237665927E+00    0.5799592931289325E-01   -0.2440047094822696E-02
 0.2078665988111361E+00    0.6304861042087198E-01   -0.2612127170955809E-02
 0.2185241486970266E+00    0.6826539305429469E-01   -0.2783819932579618E-02
 0.2297281228502490E+00    0.7360968163177666E-01   -0.2953300216846156E-02
 0.2415065370420756E+00    0.7903877485218630E-01   -0.3118615611700182E-02
 0.2538888434430882E+00    0.8450405269736723E-01   -0.3277705395395225E-02
 0.2669060042689446E+00    0.8995139917928512E-01   -0.3428422370093697E-02
 0.2805905692020456E+00    0.9532190811997679E-01   -0.3568559339568583E-02
 0.2949767567826956E+00    0.1005529141425609E+00   -0.3695882774323538E-02
 0.3101005399732767E+00    0.1055793766578807E+00   -0.3808176627474959E-02
 0.3259997361093921E+00    0.1103356188369138E+00   -0.3903299061958017E-02
 0.3427141014629037E+00    0.1147573857233038E+00   -0.3979253792319511E-02
 0.3602854306533192E+00    0.1187841376579573E+00   -0.4034275692207468E-02
 0.3787576611561113E+00    0.1223614421335516E+00   -0.4066927393057466E-02
 0.3981769831692922E+00    0.1254432770277607E+00   -0.4076200245501939E-02
 0.4185919551129680E+00    0.1279940206837754E+00   -0.4061609878645775E-02
 0.4400536250506819E+00    0.1299898896354401E+00   -0.4023274395474888E-02
 0.4626156583361626E+00    0.1314196011115890E+00   -0.3961962701237155E-02
 0.4863344718046623E+00    0.1322840884558267E+00   -0.3879102087250246E-02
 0.5112693748444305E+00    0.1325951806471691E+00   -0.3776738020918639E-02
 0.5374827177010773E+00    0.1323732632483420E+00   -0.3657444625956409E-02
 0.5650400473856650E+00    0.1316440530895124E+00   -0.3524190734262133E-02
 0.5940102715763773E+00    0.1304347249158766E+00   -0.3380172655140025E-02
 0.6244658309236064E+00    0.1287697060885125E+00   -0.3228629901734258E-02
 0.6564828801893130E+00    0.1266664882556018E+00   -0.3072663168848494E-02
 0.6901414786735977E+00    0.1241317801825611E+00   -0.2915074395138488E-02
 0.7255257904046520E+00    0.1211582370188396E+00   -0.2758246690401927E-02
 0.7627242945926684E+00    0.1177218491167953E+00   -0.2604077425974192E-02
 0.8018300068739527E+00    0.1137798688791079E+00   -0.2453971211985127E-02
 0.8429407118984635E+00    0.1092689193554051E+00   -0.2308891400119772E-02
 0.8861592078423725E+00    0.1041026978491441E+00   -0.2169459956087548E-02
 0.9315935634570484E+00    0.9816850766840710E-01   -0.2036086964078088E-02
 0.9793573882972270E+00    0.9132177723446755E-01   -0.1909103675769148E-02
 0.1029570116804074E+01    0.8337781924704890E-01   -0.1788868005798104E-02
 0.1082357306953498E+01    0.7410040309462231E-01   -0.1675809713349290E-02
 0.1137850954216494E+01    0.6318731203130680E-01   -0.1570384854373369E-02
 0.1196189821616567E+01    0.5025396804155233E-01   -0.1472915704206484E-02
 0.1257519786709578E+01    0.3481744226151743E-01   -0.1383303300126176E-02
 0.1321994206353610E+01    0.1628469803338392E-01   -0.1300615155529002E-02
 0.1389774300181000E+01   -0.6049356826231640E-02   -0.1222570950359252E-02
 0.1461029553731390E+01   -0.3298669999489364E-01   -0.1144974865479449E-02
 0.1535938142253860E+01   -0.6538521879792256E-01   -0.1061175367968478E-02
 0.1614687376237858E+01   -0.1040827778040782E+00   -0.9616708628029111E-03
 0.1697474169786987E+01   -0.1497784235308356E+00   -0.8340182685442155E-03
 0.1784505533006835E+01   -0.2028667159907089E+00   -0.6632309465797964E-03
 0.1875999089638066E+01   -0.2632286042046727E+00   -0.4328551935039016E-03
 0.1972183621229121E+01   -0.3299936308004207E+00   -0.1268680631217862E-03
 0.2073299639209264E+01   -0.4013029419865530E+00    0.2675776841525336E-03
 0.2179599986292427E+01   -0.4741184101308178E+00    0.7567311593367796E-03
 0.2291350468715695E+01   -0.5441361805261379E+00    0.1336567539199301E-02
 0.2408830520893354E+01   -0.6058678322110227E+00    0.1989540856543850E-02
 0.2532333904148474E+01   -0.6529437490659513E+00    0.2682623635235087E-02
 0.2662169441269232E+01   -0.6786677054463898E+00    0.3367498429929934E-02
 0.2798661788726742E+01   -0.6768090724532034E+00    0.3983552117078492E-02
 0.2942152248485335E+01   -0.6425636788210758E+00    0.4463900157069690E-02
 0.3092999621435251E+01   -0.5735543586830537E+00    0.4744099468533857E-02
 0.3251581104581752E+01   -0.4706892786466774E+00    0.4772569934553426E-02
 0.3418293234234111E+01   -0.3386660726137333E+00    0.4521096203783950E-02
 0.3593552877552928E+01   -0.1859227257171450E+00    0.3993216595624078E-02
 0.3777798274935171E+01   -0.2391164864975706E-01    0.3228049781888715E-02
 0.3971490135843438E+01    0.1342829134128039E+00    0.2297532033045228E-02
 0.4175112790819585E+01    0.2757779611074554E+00    0.1296429863784090E-02
 0.4389175402563355E+01    0.3898035780302297E+00    0.3266798843684963E-03
 0.4614213239104344E+01    0.4692541956928377E+00   -0.5202427202793881E-03
 0.4850789012250877E+01    0.5115176684820055E+00   -0.1178244244120275E-02
 0.5099494284662639E+01    0.5184244011463407E+00   -0.1614984356023456E-02
 0.5360950949065451E+01    0.4954073471093889E+00   -0.1832186285025520E-02
 0.5635812783307012E+01    0.4501586586912259E+00   -0.1859020878933020E-02
 0.5924767085142062E+01    0.3911475302685793E+00   -0.1741500145144399E-02
 0.6228536390834766E+01    0.3263230292454414E+00   -0.1531238070406634E-02
 0.6547880281875716E+01    0.2622078092181604E+00   -0.1276203828973802E-02
 0.6883597284331323E+01    0.2034500093258634E+00   -0.1014822845105129E-02
 0.7236526865574901E+01    0.1527858897996688E+00   -0.7735635546301183E-03
 0.7607551533392368E+01    0.1112969462206117E+00   -0.5673195572669557E-03
 0.7997599042711387E+01    0.7882414595030765E-01   -0.4015362241817915E-03
 0.8407644715471930E+01    0.5441740653937934E-01   -0.2750502747382029E-03
 0.8838713879439149E+01    0.3673424153713910E-01   -0.1828573118383012E-03
 0.9291884432056865E+01    0.2434224805082653E-01   -0.1183465572781333E-03
 0.9768289535752617E+01    0.1591482961705671E-01   -0.7483559525036034E-04
 0.1026912045143399E+02    0.1033283620112600E-01   -0.4644449321190104E-04
 0.1079562951726135E+02    0.6716099956064306E-02   -0.2845729312933447E-04
 0.1134913328014559E+02    0.4410668883287418E-02   -0.1734773818619899E-04
 0.1193101578780117E+02    0.2953581654238961E-02   -0.1062500421406075E-04
 0.1254273204958628E+02    0.2030711783987733E-02   -0.6612420311240261E-05
 0.1318581167478415E+02    0.1436954580882120E-02   -0.4227742007114828E-05
 0.1386186269742300E+02    0.1043104050422818E-02   -0.2798065771120902E-05
 0.1457257559719868E+02    0.7705210999421785E-03   -0.1919043552512621E-05
 0.1531972752655444E+02    0.5729275493088997E-03   -0.1355321619492426E-05
 0.1610518675448773E+02    0.4239467082410273E-03   -0.9739712728530779E-06
 0.1693091733819582E+02    0.3089202637208903E-03   -0.7019496867822519E-06
 0.1779898403424185E+02    0.2197335115901813E-03   -0.4999457616729005E-06
 0.1871155746152166E+02    0.1516708648592065E-03   -0.3468637957751998E-06
 0.1967091952894174E+02    0.1015968657149052E-03   -0.2309541077959575E-06
 0.2067946914138002E+02    0.6697687398565340E-04   -0.1449629721641474E-06
 0.2173972819819762E+02    0.4541218383556160E-04   -0.8363638999224239E-07
 0.2285434789930087E+02    0.3447670921288051E-04   -0.4255126513448751E-07
 0.2402611537452199E+02    0.3171864239431056E-04   -0.1765796632706010E-07
 0.2525796065289547E+02    0.3474129531876992E-04   -0.5175553898393857E-08
 0.2655296398925679E+02    0.4131045042489084E-04   -0.1638057787933981E-08
 0.2791436356648396E+02    0.4945683589590351E-04   -0.3984408404235287E-08
 0.2934556359264142E+02    0.5755603474289983E-04   -0.9638179733006805E-08
 0.3085014281327337E+02    0.6437717411868472E-04   -0.1655414165729289E-07
 0.3243186346013171E+02    0.6909778356438531E-04   -0.2322561103222977E-07
 0.3409468065871507E+02    0.7128655719800278E-04   -0.2865486643298704E-07
 0.3584275231814270E+02    0.7085889136188912E-04   -0.3229407413213682E-07
 0.3768044952809305E+02    0.6801212095275759E-04   -0.3396605210516078E-07
 0.3961236748880471E+02    0.6314852118071752E-04   -0.3377455301746525E-07
 0.4164333700147059E+02    0.5679449572993968E-04   -0.3201305824432386E-07
 0.4377843654775712E+02    0.4952381597456636E-04   -0.2907993655212316E-07
 0.4602300498865372E+02    0.4189149586573329E-04   -0.2540586823082960E-07
 0.4838265491440612E+02    0.3438296601533026E-04   -0.2139746820139609E-07
 0.5086328667891544E+02    0.2738103522784138E-04   -0.1739863685192608E-07
 0.5347110315369635E+02    0.2115072812500799E-04   -0.1366951504698965E-07
 0.5621262523828673E+02    0.1584011747870711E-04   -0.1038061078892430E-07
 0.5909470816589314E+02    0.1149357098890540E-04   -0.7619153655100606E-08
 0.6212455864504455E+02    0.8073214168286072E-05   -0.5403113513495028E-08
 0.6530975288011747E+02    0.5483938167979003E-05   -0.3699672080939219E-08
 0.6865825551579320E+02    0.3598238955841487E-05   -0.2443991696118601E-08
 0.7217843955281801E+02    0.2277576893593323E-05   -0.1555807990802583E-08
 0.7587910728486646E+02    0.1388701604459884E-05   -0.9532416729262568E-09
 0.7976951230886041E+02    0.8143721641267021E-06   -0.5613486212852472E-09
 0.8385938266378133E+02    0.4585463091234622E-06   -0.3171888896939815E-09
 0.8815894515583484E+02    0.2474702899133913E-06   -0.1716936380466199E-09
 0.9267895093079316E+02    0.1277728628717029E-06   -0.8885755549821499E-10
 0.9743070235745957E+02    0.6299735797162160E-07   -0.4388800102002971E-10
 0.1024260812894775E+03    0.2960076837245139E-07   -0.2065147243546136E-10
 0.1076775787761537E+03    0.1323010620547610E-07   -0.9231029451260932E-11
 0.1131983262965877E+03    0.5606307974432850E-08   -0.3927509836253346E-11
 0.1190021285952095E+03    0.2247110232782828E-08   -0.1566216402089135E-11
 0.1251034982008314E+03    0.8392060102450090E-09   -0.5127056595596185E-12
 0.1315176917155289E+03    0.2827583404606771E-09   -0.2543059900961602E-12
