 0.0000000000000000E+00    0.0000000000000000E+00    0.0000000000000000E+00
 0.1464888467886403E-08    0.2808829702194307E-29    0.5921782054107840E-24
 0.3004883373589934E-08    0.4972987963135941E-28    0.5111185007998002E-23
 0.4623835506522379E-08    0.7591333202962355E-28    0.1862283730066321E-22
 0.6325793090290573E-08    0.2827048131169749E-27    0.4768520161961492E-22
 0.8115011905364052E-08    0.7558750069782779E-27    0.1006714044693931E-21
 0.9995965930742960E-08    0.1740476542832451E-26    0.1881537683983630E-21
 0.1197335853123594E-07    0.3581989301150029E-26    0.3233601976170002E-21
 0.1405213421832203E-07    0.6795434435245225E-26    0.5227155884707420E-21
 0.1623749101400485E-07    0.1211483801134256E-25    0.8064832314622499E-21
 0.1853489344857512E-07    0.2056839771250128E-25    0.1199523720254800E-20
 0.2095008622478276E-07    0.3357241466965330E-25    0.1732191859816584E-20
 0.2348910858258601E-07    0.5305241254695902E-25    0.2441395539093478E-20
 0.2615830940039708E-07    0.8159762716695496E-25    0.3371844585535180E-20
 0.2896436307058510E-07    0.1226576640516817E-24    0.4577522344816930E-20
 0.3191428618893363E-07    0.1807920174100063E-24    0.6123418240225045E-20
 0.3501545509978486E-07    0.2619858162008164E-24    0.8087565991602877E-20
 0.3827562434074268E-07    0.3740483895383094E-24    0.1056343966381307E-19
 0.4170294603305579E-07    0.5271152501978750E-24    0.1366276844426658E-19
 0.4530599026616714E-07    0.7342790392323547E-24    0.1751884122168502E-19
 0.4909376652740141E-07    0.1012381078772630E-23    0.2229038389061986E-19
 0.5307574623037623E-07    0.1383002710112386E-23    0.2816610611371646E-19
 0.5726188639846966E-07    0.1873704878490095E-23    0.3537003035658130E-19
 0.6166265456256494E-07    0.2519575867263918E-23    0.4416773474093488E-19
 0.6628905493533010E-07    0.3365161176691378E-23    0.5487366307379864E-19
 0.7115265592748138E-07    0.4466866892681588E-23    0.6785968080768430E-19
 0.7626561907483577E-07    0.5895949242528632E-23    0.8356508525514451E-19
 0.8164072944848522E-07    0.7742229299985516E-23    0.1025083128020675E-18
 0.8729142762413383E-07    0.1011870409958614E-22    0.1253006259301844E-18
 0.9323184329053795E-07    0.1316726512098292E-22    0.1526621094918147E-18
 0.9947683058108790E-07    0.1706578388872724E-22    0.1854403599502677E-18
 0.1060420052168787E-06    0.2203688436067841E-22    0.2246323144531839E-18
 0.1129437835541465E-06    0.2835879537216272E-22    0.2714097400917078E-18
 0.1201994236337104E-06    0.3637876675393354E-22    0.3271489891994479E-18
 0.1278270683350633E-06    0.4652964363563838E-22    0.3934657260191818E-18
 0.1358457907430214E-06    0.5935032951910754E-22    0.4722554457877901E-18
 0.1442756418403704E-06    0.7551103563436946E-22    0.5657407419063304E-18
 0.1531377006457672E-06    0.9584441882645775E-22    0.6765264334476576E-18
 0.1624541269222654E-06    0.1213839612716245E-21    0.8076638473831762E-18
 0.1722482165882662E-06    0.1534112531027034E-21    0.9627257617383990E-18
 0.1825444599694479E-06    0.1935142162823555E-21    0.1145893762243803E-17
 0.1933686030373371E-06    0.2436587703997206E-21    0.1362060051547051E-17
 0.2047477117876480E-06    0.3062770075696992E-21    0.1616946083220207E-17
 0.2167102399193693E-06    0.3843756376412099E-21    0.1917240780215399E-17
 0.2292860999838330E-06    0.4816693150466627E-21    0.2270761547909522E-17
 0.2425067381816732E-06    0.6027444998069413E-21    0.2686641815678257E-17
 0.2564052129947074E-06    0.7532607802057620E-21    0.3175549449959290E-17
 0.2710162778493604E-06    0.9401981457679035E-21    0.3749941089843105E-17
 0.2863764680183328E-06    0.1172160610387970E-20    0.4424358279450375E-17
 0.3025241919778125E-06    0.1459748924994478E-20    0.5215772228409808E-17
 0.3194998274486721E-06    0.1816017982670928E-20    0.6143985144361819E-17
 0.3373458223618025E-06    0.2257038023681996E-20    0.7232097374826786E-17
 0.3561068010000500E-06    0.2802583036419421E-20    0.8507051099329403E-17
 0.3758296755821676E-06    0.3476974997794091E-20    0.1000026306045673E-16
 0.3965637635677972E-06    0.4310119016899975E-20    0.1174836085416689E-16
 0.4183609109768069E-06    0.5338772300295502E-20    0.1379403966120004E-16
 0.4412756220313464E-06    0.6608099465589455E-20    0.1618705904637675E-16
 0.4653651954447920E-06    0.8173578482873792E-20    0.1898540264307619E-16
 0.4906898676983756E-06    0.1010333589849040E-19    0.2225662724851670E-16
 0.5173129636637640E-06    0.1248100757640922E-19    0.2607943216557040E-16
 0.5453010549482219E-06    0.1540924269264525E-19    0.3054548463629134E-16
 0.5747241263583063E-06    0.1901399500973520E-19    0.3576154303448666E-16
 0.6056557508983357E-06    0.2344977760717966E-19    0.4185192625124304E-16
 0.6381732737412239E-06    0.2890609655255841E-19    0.4896138557140430E-16
 0.6723580056316995E-06    0.3561532705868545E-19    0.5725844447844315E-16
 0.7082954262055200E-06    0.4386235443013802E-19    0.6693928244665235E-16
 0.7460753977330867E-06    0.5399637393515965E-19    0.7823225112324090E-16
 0.7857923898219268E-06    0.6644533155143521E-19    0.9140312564779721E-16
 0.8275457156399195E-06    0.8173359487649110E-19    0.1067612105268940E-15
 0.8714397802499461E-06    0.1005035747031862E-18    0.1246664388540902E-15
 0.9175843416769288E-06    0.1235421781380677E-18    0.1455376261779556E-15
 0.9660947853600637E-06    0.1518131701612059E-18    0.1698620664816160E-15
 0.1017092412676520E-05    0.1864967601028581E-18    0.1982066881376330E-15
 0.1070704744258067E-05    0.2290380223120653E-18    0.2312310230284207E-15
 0.1127065838859076E-05    0.2812061181258107E-18    0.2697022830726494E-15
 0.1186316628573230E-05    0.3451667235439369E-18    0.3145128860991055E-15
 0.1248605271237174E-05    0.4235706014025501E-18    0.3667008284382589E-15
 0.1314087520902274E-05    0.5196619098521156E-18    0.4274733660095927E-15
 0.1382927117300871E-05    0.6374106368931783E-18    0.4982345405234174E-15
 0.1455296195280908E-05    0.7816745257388948E-18    0.5806171743784911E-15
 0.1531375715232703E-05    0.9583970471149949E-18    0.6765200588837413E-15
 0.1611355915584188E-05    0.1174849430225170E-17    0.7881511778437471E-15
 0.1695436788496068E-05    0.1439926542573163E-17    0.9180779449722582E-15
 0.1783828579946393E-05    0.1764508581680735E-17    0.1069285592113417E-14
 0.1876752315455018E-05    0.2161903196348871E-17    0.1245245029431826E-14
 0.1974440352762524E-05    0.2648385898193296E-17    0.1449991712733862E-14
 0.2077136962845610E-05    0.3243860586074320E-17    0.1688217301729226E-14
 0.2185098940721755E-05    0.3972666845898975E-17    0.1965376181939580E-14
 0.2298596247570535E-05    0.4864566600468570E-17    0.2287809258622756E-14
 0.2417912685777177E-05    0.5955949905925365E-17    0.2662887821071909E-14
 0.2543346608586357E-05    0.7291308512735644E-17    0.3099180728757672E-14
 0.2675211666140708E-05    0.8925036583900136E-17    0.3606648697217078E-14
 0.2813837589769559E-05    0.1092363112325117E-16    0.4196870073214695E-14
 0.2959571016489000E-05    0.1336838073974119E-16    0.4883303199284641E-14
 0.3112776355774981E-05    0.1635865100345308E-16    0.5681591293307558E-14
 0.3273836700776816E-05    0.2001589862166430E-16    0.6609916727869483E-14
 0.3443154786249595E-05    0.2448857593803083E-16    0.7689412708376415E-14
 0.3621153995600854E-05    0.2995812300567841E-16    0.8944641643330228E-14
 0.3808279419569616E-05    0.3664628813452507E-16    0.1040415100392621E-13
 0.4004998969185085E-05    0.4482407110796762E-16    0.1210111921702517E-13
 0.4211804545787937E-05    0.5482264833124404E-16    0.1407410616485331E-13
 0.4429213271039894E-05    0.6704671860815771E-16    0.1636792522209082E-13
 0.4657768779997231E-05    0.8199080520933981E-16    0.1903465649927595E-13
 0.4898042580481593E-05    0.1002591682534832E-15    0.2213482414215184E-13
 0.5150635482147220E-05    0.1225901258790413E-15    0.2573876423109742E-13
 0.5416179098818047E-05    0.1498857589746333E-15    0.2992821411597135E-13
 0.5695337427851240E-05    0.1832481893538395E-15    0.3479815900574698E-13
 0.5988808510476464E-05    0.2240238837238747E-15    0.4045897742087186E-13
 0.6297326177262543E-05    0.2738577559860902E-15    0.4703893383892022E-13
 0.6621661883076117E-05    0.3347592309580217E-15    0.5468707467118285E-13
 0.6962626636120645E-05    0.4091829089079755E-15    0.6357659277382740E-13
 0.7321073025879346E-05    0.5001270510681189E-15    0.7390873622456792E-13
 0.7697897355033002E-05    0.6112538143177443E-15    0.8591734931919688E-13
 0.8094041880683526E-05    0.7470360261994308E-15    0.9987414793416065E-13
 0.8510497170487513E-05    0.9129363430040339E-15    0.1160948478773557E-12
 0.8948304579591345E-05    0.1115625914715504E-14    0.1349462839755598E-12
 0.9408558854561478E-05    0.1363251240764820E-14    0.1568546798477002E-12
 0.9892410870821081E-05    0.1665759799994106E-14    0.1823152540801954E-12
 0.1040107051043806E-04    0.2035297349930293E-14    0.2119033784235258E-12
 0.1093580968746044E-04    0.2486692602756678E-14    0.2462875383277426E-12
 0.1149796552836397E-04    0.3038048405128148E-14    0.2862443863926810E-12
 0.1208894371556481E-04    0.3711462705357260E-14    0.3326762260103477E-12
 0.1271022200235775E-04    0.4533907640387124E-14    0.3866313166452695E-12
 0.1336335390806918E-04    0.5538301204240202E-14    0.4493274550166212E-12
 0.1404997260266460E-04    0.6764813395367267E-14    0.5221793592814975E-12
 0.1477179499052420E-04    0.8262457754070737E-14    0.6068304677522292E-12
 0.1553062600359813E-04    0.1009103011844739E-13    0.7051898615376332E-12
 0.1632836311467648E-04    0.1232346963734690E-13    0.8194751338857686E-12
 0.1716700108205966E-04    0.1504873304592009E-13    0.9522621603553229E-12
 0.1804863693749314E-04    0.1837529248538392E-13    0.1106542876057480E-11
 0.1897547522983911E-04    0.2243539038751058E-13    0.1285792342320498E-11
 0.1994983353759693E-04    0.2739021291734795E-13    0.1494046588955542E-11
 0.2097414826405659E-04    0.3343617708009779E-13    0.1735992954126509E-11
 0.2205098072957594E-04    0.4081256690621275E-13    0.2017074916573682E-11
 0.2318302357621577E-04    0.4981080235632795E-13    0.2343613730272773E-11
 0.2437310750074745E-04    0.6078568213994521E-13    0.2722949536032043E-11
 0.2562420833286936E-04    0.7416901011536070E-13    0.3163605045510953E-11
 0.2693945447633111E-04    0.9048609612215208E-13    0.3675475379260625E-11
 0.2832213473157248E-04    0.1103757179606559E-12    0.4270048201484070E-11
 0.2977570651943756E-04    0.1346142438906291E-12    0.4960658941595560E-11
 0.3130380452652774E-04    0.1641447466693338E-12    0.5762786639306661E-11
 0.3291024979381145E-04    0.2001120929498753E-12    0.6694396810808898E-11
 0.3459905927121687E-04    0.2439051677598651E-12    0.7776338725849844E-11
 0.3637445586209909E-04    0.2972075942269631E-12    0.9032805628952041E-11
 0.3824087898269810E-04    0.3620585342418364E-12    0.1049186775567885E-10
 0.4020299566299177E-04    0.4409254053472152E-12    0.1218608951342942E-10
 0.4226571221670179E-04    0.5367906193924319E-12    0.1415324394699643E-10
 0.4443418650963349E-04    0.6532547323027750E-12    0.1643713962884768E-10
 0.4671384085702703E-04    0.7946586791634697E-12    0.1908857744649605E-10
 0.4911037558216980E-04    0.9662280343424186E-12    0.2216645745680228E-10
 0.5162978327017385E-04    0.1174242451056823E-11    0.2573905910311537E-10
 0.5427836375256006E-04    0.1426233551531355E-11    0.2988552172365023E-10
 0.5706273986011834E-04    0.1731214489223756E-11    0.3469755651497392E-10
 0.5998987398343435E-04    0.2099944091312603E-11    0.4028142607394145E-10
 0.6306708548249245E-04    0.2545227778131727E-11    0.4676023347797393E-10
 0.6630206898888816E-04    0.3082256165450729E-11    0.5427656977203995E-10
 0.6970291364641513E-04    0.3728980151998910E-11    0.6299557695944109E-10
 0.7327812333813805E-04    0.4506518098309338E-11    0.7310849345732578E-10
 0.7703663795052979E-04    0.5439586125552387E-11    0.8483676086898839E-10
 0.8098785572784418E-04    0.6556936428215985E-11    0.9843678531369501E-10
 0.8514165677262189E-04    0.7891781048608915E-11    0.1142054639595584E-09
 0.8950842775109324E-04    0.9482171203008649E-11    0.1324866082886680E-09
 0.9409908786525382E-04    0.1137129910169988E-10    0.1536784201265850E-09
 0.9892511615655710E-04    0.1360770007792701E-10    0.1782422038334685E-09
 0.1039985802094972E-03    0.1624537732068038E-10    0.2067125256277348E-09
 0.1093321663268559E-03    0.1934397912585891E-10    0.2397090532357377E-09
 0.1149392112520675E-03    0.2296934611516031E-10    0.2779503188593239E-09
 0.1208337355180243E-03    0.2719494091300909E-10    0.3222696466591462E-09
 0.1270304785057119E-03    0.3210462963027059E-10    0.3736334990407778E-09
 0.1335449353003386E-03    0.3779676905616149E-10    0.4331625712068302E-09
 0.1403933954371200E-03    0.4438887037638908E-10    0.5021561059759507E-09
 0.1475929836336018E-03    0.5202200893723771E-10    0.5821200385013364E-09
 0.1551617026103730E-03    0.6086475299646123E-10    0.6747996566254202E-09
 0.1631184781072453E-03    0.7111699262450101E-10    0.7822175118739788E-09
 0.1714832062074601E-03    0.8301420947756851E-10    0.9067173955975213E-09
 0.1802768030882603E-03    0.9683260191353801E-10    0.1051015317449800E-08
 0.1895212573222279E-03    0.1128953332854559E-09    0.1218258577875931E-08
 0.1992396848601690E-03    0.1315800976004623E-09    0.1412094205681536E-08
 0.2094563868330313E-03    0.1533281863890534E-09    0.1636748237011459E-08
 0.2201969103173893E-03    0.1786552672984786E-09    0.1897117547550198E-08
 0.2314881122164428E-03    0.2081641317588210E-09    0.2198876220944286E-08
 0.2433582264162638E-03    0.2425597284576381E-09    0.2548598749458553E-08
 0.2558369343852183E-03    0.2826668689095895E-09    0.2953902724575732E-08
 0.2689554393930972E-03    0.3294510714254076E-09    0.3423614093427394E-08
 0.2827465445355445E-03    0.3840431020818933E-09    0.3967958540521846E-08
 0.2972447347588821E-03    0.4477678786612956E-09    0.4598783113450174E-08
 0.3124862630904384E-03    0.5221785294931309E-09    0.5329812857886353E-08
 0.3285092412899997E-03    0.6090965478811241E-09    0.6176947974822588E-08
 0.3453537351490618E-03    0.7106591592112775E-09    0.7158607877242641E-08
 0.3630618646761771E-03    0.8293752276067248E-09    0.8296129522373347E-08
 0.3816779094189163E-03    0.9681912788161290E-09    0.9614228550066183E-08
 0.4012484191858008E-03    0.1130569513832318E-08    0.1114153309171975E-07
 0.4218223304450712E-03    0.1320580043000426E-08    0.1291120165508296E-07
 0.4434510886913474E-03    0.1543009994412632E-08    0.1496163827009593E-07
 0.4661887770861622E-03    0.1803492656770317E-08    0.1733732013626747E-07
 0.4900922516940355E-03    0.2108660421905561E-08    0.2008975538512284E-07
 0.5152212836522509E-03    0.2466326015335331E-08    0.2327859131050176E-07
 0.5416387086298322E-03    0.2885697368041119E-08    0.2697289658074192E-07
 0.5694105839494456E-03    0.3377632517311201E-08    0.3125264459419392E-07
 0.5986063537651136E-03    0.3954942162816380E-08    0.3621042934678295E-07
 0.6292990227087730E-03    0.4632748986806781E-08    0.4195345003211208E-07
 0.6615653384398801E-03    0.5428914623325992E-08    0.4860580618805632E-07
 0.6954859835545361E-03    0.6364547289432850E-08    0.5631115165040270E-07
 0.7311457773340025E-03    0.7464605642285378E-08    0.6523576300166542E-07
 0.7686338878370852E-03    0.8758617484567112E-08    0.7557208675820556E-07
 0.8080440548667263E-03    0.1028153560932698E-07    0.8754283938892934E-07
 0.8494748243683396E-03    0.1207475747676961E-07    0.1014057455960459E-06
 0.8930297948460028E-03    0.1418734069769068E-07    0.1174590133320910E-06
 0.9388178764126811E-03    0.1667745263887633E-07    0.1360476590284057E-06
 0.9869535631222379E-03    0.1961410007867817E-07    0.1575708137547531E-06
 0.1037557219264207E-02    0.2307919398325620E-07    0.1824901608442403E-06
 0.1090755380337209E-02    0.2717001545484325E-07    0.2113396782742281E-06
 0.1146681069453613E-02    0.3200216209460356E-07    0.2447368852159341E-06
 0.1205474129966599E-02    0.3771306987120700E-07    0.2833958221345216E-06
 0.1267281575151388E-02    0.4446622462940771E-07    0.3281420281845048E-06
 0.1332257955815003E-02    0.5245620025643848E-07    0.3799298190226724E-06
 0.1400565746753787E-02    0.6191468802380393E-07    0.4398622132551753E-06
 0.1472375753025026E-02    0.7311771467012752E-07    0.5092139073418372E-06
 0.1547867537048561E-02    0.8639428650638182E-07    0.5894577577968988E-06
 0.1627229867606365E-02    0.1021367445518368E-06    0.6822952969634631E-06
 0.1710661191862824E-02    0.1208131730599516E-06    0.7896918856380238E-06
 0.1798370131586015E-02    0.1429822727025747E-06    0.9139171936610833E-06
 0.1890576004810793E-02    0.1693111924675512E-06    0.1057591799703992E-05
 0.1987509374248114E-02    0.2005969137687130E-06    0.1223740815474165E-05
 0.2089412623811908E-02    0.2377918996975157E-06    0.1415855569218974E-05
 0.2196540564705118E-02    0.2820348657475978E-06    0.1637964530721644E-05
 0.2309161072580428E-02    0.3346877004848320E-06    0.1894714827155183E-05
 0.2427555757368930E-02    0.3973797712153681E-06    0.2191465888628881E-05
 0.2552020667451633E-02    0.4720610975307991E-06    0.2534396976707263E-05
 0.2682867029934619E-02    0.5610661728087026E-06    0.2930630591541901E-05
 0.2820422028878922E-02    0.6671905700083947E-06    0.3388374026736454E-05
 0.2965029623431102E-02    0.7937828949699311E-06    0.3917081649140158E-05
 0.3117051407900273E-02    0.9448551616382024E-06    0.4527640827180057E-05
 0.3276867515932217E-02    0.1125215275526274E-05    0.5232584820104474E-05
 0.3444877571041508E-02    0.1340626043696188E-05    0.6046336375869196E-05
 0.3621501685878449E-02    0.1597996004568578E-05    0.6985486271814180E-05
 0.3807181512729525E-02    0.1905608416207837E-05    0.8069111574376335E-05
 0.4002381347878166E-02    0.2273395989568051E-05    0.9319138996580816E-05
 0.4207589292587296E-02    0.2713270441539347E-05    0.1076075939966833E-04
 0.4423318473606734E-02    0.3239517716300466E-05    0.1242290022254246E-04
 0.4650108326257341E-02    0.3869271835149846E-05    0.1433876343406418E-04
 0.4888525943300301E-02    0.4623082846500212E-05    0.1654643749238909E-04
 0.5139167492964413E-02    0.5525597331513757E-05    0.1908959276558208E-04
 0.5402659709677190E-02    0.6606373461555469E-05    0.2201827092061289E-04
 0.5679661461227380E-02    0.7900856799869435E-05    0.2538977992399480E-04
 0.5970865396277627E-02    0.9451548006229906E-05    0.2926970751525376E-04
 0.6276999676346912E-02    0.1130939947252308E-04    0.3373306730999608E-04
 0.6598829796593634E-02    0.1353548484250661E-04    0.3886559305517424E-04
 0.6937160499952235E-02    0.1620299352658789E-04    0.4476519798368790E-04
 0.7292837789409701E-02    0.1939961191416759E-04    0.5154361768202417E-04
 0.7666751043453704E-02    0.2323036424195700E-04    0.5932825637028377E-04
 0.8059835239982070E-02    0.2782099925757634E-04    0.6826425796809938E-04
 0.8473073294234534E-02    0.3332202421780590E-04    0.7851682474296551E-04
 0.8907498516592817E-02    0.3991350570953289E-04    0.9027380765891236E-04
 0.9364197196394806E-02    0.4781077764493408E-04    0.1037485937001557E-03
 0.9844311318223727E-02    0.5727122096434793E-04    0.1191833163585392E-03
 0.1034904141746443E-01    0.6860230752088967E-04    0.1368524160506051E-03
 0.1087964958226718E-01    0.8217113279467800E-04    0.1570665773562121E-03
 0.1143746260942544E-01    0.9841569899559431E-04    0.1801770695106379E-03
 0.1202387532205893E-01    0.1178582522874998E-03    0.2065805153773176E-03
 0.1264035405739798E-01    0.1411210258394868E-03    0.2367241119944985E-03
 0.1328844033339037E-01    0.1689447947101101E-03    0.2711113225146503E-03
 0.1396975470329914E-01    0.2022107096983607E-03    0.3103080547006950E-03
 0.1468600080792988E-01    0.2419659456907134E-03    0.3549493348398112E-03
 0.1543896963562008E-01    0.2894537760386726E-03    0.4057464776877953E-03
 0.1623054400064294E-01    0.3461487683095120E-03    0.4634947425434631E-03
 0.1706270325122367E-01    0.4137978883477614E-03    0.5290814524306076E-03
 0.1793752821894113E-01    0.4944683986632944E-03    0.6034945372765045E-03
 0.1885720642189058E-01    0.5906035430412357E-03    0.6878314425558577E-03
 0.1982403753461838E-01    0.7050871207768597E-03    0.7833083217565826E-03
 0.2084043913850618E-01    0.8413181692816847E-03    0.8912694038763557E-03
 0.2190895276698367E-01    0.1003297090417798E-02    0.1013196395669144E-02
 0.2303225026068591E-01    0.1195724670279253E-02    0.1150717742277060E-02
 0.2421314044844671E-01    0.1424115549586081E-02    0.1305617529031610E-02
 0.2545457617083370E-01    0.1694927796349051E-02    0.1479843761521031E-02
 0.2675966166378783E-01    0.2015710306343160E-02    0.1675515710561971E-02
 0.2813166032083016E-01    0.2395269800649404E-02    0.1894929953715290E-02
 0.2957400285324549E-01    0.2843859191372662E-02    0.2140564685880190E-02
 0.3109029586864752E-01    0.3373389032443406E-02    0.2415081808965009E-02
 0.3268433088937651E-01    0.3997663645242993E-02    0.2721326245636674E-02
 0.3436009383328007E-01    0.4732643288733978E-02    0.3062321856018498E-02
 0.3612177498058387E-01    0.5596733407701300E-02    0.3441263270695657E-02
 0.3797377945177492E-01    0.6611101514186801E-02    0.3861502890792734E-02
 0.3992073822269722E-01    0.7800021606562164E-02    0.4326532249169710E-02
 0.4196751970440363E-01    0.9191245175358281E-02    0.4839956879739702E-02
 0.4411924191671926E-01    0.1081639675017102E-01    0.5405463809381054E-02
 0.4638128528595697E-01    0.1271139057194660E-01    0.6026780775007800E-02
 0.4875930609878561E-01    0.1491686329496175E-01    0.6707626284694400E-02
 0.5125925064589297E-01    0.1747861560199855E-01    0.7451649695651025E-02
 0.5388737009080979E-01    0.2044805323167128E-01    0.8262360584445891E-02
 0.5665023610107465E-01    0.2388261515905340E-01    0.9143046848993246E-02
 0.5955475728082583E-01    0.2784617355034177E-01    0.1009668122153408E-01
 0.6260819644591026E-01    0.3240938666833909E-01    0.1112581620150024E-01
 0.6581818878470604E-01    0.3764998221464281E-01    0.1223246784986758E-01
 0.6919276095007051E-01    0.4365294478008938E-01    0.1341798943185669E-01
 0.7274035113015324E-01    0.5051057731576562E-01    0.1468293655538642E-01
 0.7646983014826163E-01    0.5832240307150652E-01    0.1602692622077128E-01
 0.8039052364453982E-01    0.6719487157579303E-01    0.1744849305043604E-01
 0.8451223539492653E-01    0.7724083030004476E-01    0.1894494686524981E-01
 0.8884527182570151E-01    0.8857872304277190E-01    0.2051223665510177E-01
 0.9340046778491957E-01    0.1013314771656490E+00    0.2214482677365064E-01
 0.9818921363517440E-01    0.1156250449498801E+00    0.2383559177238052E-01
 0.1032234837354379E+00    0.1315865697538584E+00    0.2557573657134856E-01
 0.1085158663831950E+00    0.1493421554240071E+00    0.2735474854461091E-01
 0.1140795952917440E+00    0.1690142274210801E+00    0.2916038750513492E-01
 0.1199285826813733E+00    0.1907184860340328E+00    0.3097871848356195E-01
 0.1260774540671584E+00    0.2145604653229869E+00    0.3279419065327118E-01
 0.1325415848303679E+00    0.2406317254002270E+00    0.3458976388939464E-01
 0.1393371386649252E+00    0.2690057196805095E+00    0.3634708247306224E-01
 0.1464811079950624E+00    0.2997333923777143E+00    0.3804669363886148E-01
 0.1539913564652325E+00    0.3328385747896468E+00    0.3966830730951506E-01
 0.1618866636085246E+00    0.3683132624046935E+00    0.4119109272258926E-01
 0.1701867718052788E+00    0.4061128698863484E+00    0.4259400786952205E-01
 0.1789124356493201E+00    0.4461515794438390E+00    0.4385615868897957E-01
 0.1880854738452541E+00    0.4882979221263194E+00    0.4495718649693953E-01
 0.1977288237665927E+00    0.5323707629527087E+00    0.4587768366041221E-01
 0.2078665988111361E+00    0.5781359000306102E+00    0.4659963830160223E-01
 0.2185241486970266E+00    0.6253035332152964E+00    0.4710690805309846E-01
 0.2297281228502490E+00    0.6735269045883926E+00    0.4738571988139700E-01
 0.2415065370420756E+00    0.7224024526737004E+00    0.4742518739501203E-01
 0.2538888434430882E+00    0.7714718430815739E+00    0.4721782903620238E-01
 0.2669060042689446E+00    0.8202262263074245E+00    0.4676006099160575E-01
 0.2805905692020456E+00    0.8681130150873687E+00    0.4605262912153406E-01
 0.2949767567826956E+00    0.9145453589841284E+00    0.4510093681818279E-01
 0.3101005399732767E+00    0.9589143199815291E+00    0.4391522276310556E-01
 0.3259997361093921E+00    0.1000603527607071E+01    0.4251054603687823E-01
 0.3427141014629037E+00    0.1039005835552388E+01    0.4090654700536920E-01
 0.3602854306533192E+00    0.1073541245413579E+01    0.3912697054486312E-01
 0.3787576611561113E+00    0.1103675145965423E+01    0.3719896154095417E-01
 0.3981769831692922E+00    0.1128935777866877E+01    0.3515216783519474E-01
 0.4185919551129680E+00    0.1148929805589419E+01    0.3301770868604329E-01
 0.4400536250506819E+00    0.1163354976539424E+01    0.3082708320418092E-01
 0.4626156583361626E+00    0.1172009066577008E+01    0.2861110001004081E-01
 0.4863344718046623E+00    0.1174794624375981E+01    0.2639890526016588E-01
 0.5112693748444305E+00    0.1171719389966720E+01    0.2421717206556920E-01
 0.5374827177010773E+00    0.1162892622457262E+01    0.2208949296639425E-01
 0.5650400473856650E+00    0.1148517877726560E+01    0.2003599252756133E-01
 0.5940102715763773E+00    0.1128882990552868E+01    0.1807315351382273E-01
 0.6244658309236064E+00    0.1104348117977173E+01    0.1621383102784053E-01
 0.6564828801893130E+00    0.1075332693547927E+01    0.1446741664079259E-01
 0.6901414786735977E+00    0.1042302045515326E+01    0.1284010951320461E-01
 0.7255257904046520E+00    0.1005754277960611E+01    0.1133525297421412E-01
 0.7627242945926684E+00    0.9662078380743504E+00    0.9953701209709979E-02
 0.8018300068739527E+00    0.9241900275481137E+00    0.8694189408305750E-02
 0.8429407118984635E+00    0.8802265844406673E+00    0.7553689850102190E-02
 0.8861592078423725E+00    0.8348323753078726E+00    0.6527744404807152E-02
 0.9315935634570484E+00    0.7885031956898296E+00    0.5610769805040852E-02
 0.9793573882972270E+00    0.7417086709982859E+00    0.4796335610885989E-02
 0.1029570116804074E+01    0.6948862649299706E+00    0.4077416244332985E-02
 0.1082357306953498E+01    0.6484364230647960E+00    0.3446618435132470E-02
 0.1137850954216494E+01    0.6027188919833765E+00    0.2896384585979280E-02
 0.1196189821616567E+01    0.5580502504984476E+00    0.2419171577318086E-02
 0.1257519786709578E+01    0.5147026665841169E+00    0.2007603856415482E-02
 0.1321994206353610E+01    0.4729038537550619E+00    0.1654599533748840E-02
 0.1389774300181000E+01    0.4328381503432477E+00    0.1353468672245266E-02
 0.1461029553731390E+01    0.3946485926583831E+00    0.1097983872469217E-02
 0.1535938142253860E+01    0.3584398067257712E+00    0.8824244132163604E-03
 0.1614687376237858E+01    0.3242815099231858E+00    0.7015963685224740E-03
 0.1697474169786987E+01    0.2922123975882334E+00    0.5508320916952239E-03
 0.1784505533006835E+01    0.2622441918713917E+00    0.4259731047773539E-03
 0.1875999089638066E+01    0.2343656494706851E+00    0.3233407036295258E-03
 0.1972183621229121E+01    0.2085463580893623E+00    0.2396984971149592E-03
 0.2073299639209264E+01    0.1847401939605262E+00    0.1722107043217991E-03
 0.2179599986292427E+01    0.1628883595735144E+00    0.1183994237194606E-03
 0.2291350468715695E+01    0.1429219669988656E+00    0.7610335757185370E-04
 0.2408830520893354E+01    0.1247641737991361E+00    0.4343971227174158E-04
 0.2532333904148474E+01    0.1083319122724650E+00    0.1877027381731348E-04
 0.2662169441269232E+01    0.9353727668897582E-01    0.6720315929513268E-06
 0.2798661788726742E+01    0.8028864641478969E-01   -0.1208777273447720E-04
 0.2942152248485335E+01    0.6849162566905703E-01   -0.2057264529369499E-04
 0.3092999621435251E+01    0.5804987440644251E-01   -0.2569456911217899E-04
 0.3251581104581752E+01    0.4886589151192658E-01   -0.2822921713019806E-04
 0.3418293234234111E+01    0.4084179368004594E-01   -0.2882937145554136E-04
 0.3593552877552928E+01    0.3388011374345300E-01   -0.2803716115359253E-04
 0.3777798274935171E+01    0.2788462337943234E-01   -0.2629557550647567E-04
 0.3971490135843438E+01    0.2276116917630914E-01   -0.2395953956786923E-04
 0.4175112790819585E+01    0.1841849944248621E-01   -0.2130667971807360E-04
 0.4389175402563355E+01    0.1476905257845468E-01   -0.1854777735523658E-04
 0.4614213239104344E+01    0.1172967623939634E-01   -0.1583681918054240E-04
 0.4850789012250877E+01    0.9222249192296928E-02   -0.1328050509845482E-04
 0.5099494284662639E+01    0.7174183586606511E-02   -0.1094706529881230E-04
 0.5360950949065451E+01    0.5518792993245131E-02   -0.8874257878213683E-05
 0.5635812783307012E+01    0.4195519749771940E-02   -0.7076456586470349E-05
 0.5924767085142062E+01    0.3150022834939394E-02   -0.5550784296405837E-05
 0.6228536390834766E+01    0.2334133976198258E-02   -0.4282292776910064E-05
 0.6547880281875716E+01    0.1705694625289404E-02   -0.3248227281142383E-05
 0.6883597284331323E+01    0.1228289793290234E-02   -0.2421442338562381E-05
 0.7236526865574901E+01    0.8708967116290825E-03   -0.1773052575571870E-05
 0.7607551533392368E+01    0.6074671785930145E-03   -0.1274410838287286E-05
 0.7997599042711387E+01    0.4164625590529967E-03   -0.8985077261156560E-06
 0.8407644715471930E+01    0.2803599503153508E-03   -0.6208843296009982E-06
 0.8838713879439149E+01    0.1851471254434221E-03   -0.4201454660507094E-06
 0.9291884432056865E+01    0.1198225404533735E-03   -0.2781552149987102E-06
 0.9768289535752617E+01    0.7591491721331559E-04   -0.1799905128596606E-06
 0.1026912045143399E+02    0.4703466910556618E-04   -0.1137218877345227E-06
 0.1079562951726135E+02    0.2846675478020061E-04   -0.7008281179063822E-07
 0.1134913328014559E+02    0.1681153983055430E-04   -0.4208042085044549E-07
 0.1193101578780117E+02    0.9677107817739668E-05   -0.2459057964446762E-07
 0.1254273204958628E+02    0.5423431216944764E-05   -0.1396986546015950E-07
 0.1318581167478415E+02    0.2956135238723811E-05   -0.7706664457989506E-08
 0.1386186269742300E+02    0.1565467557849677E-05   -0.4123975286523673E-08
 0.1457257559719868E+02    0.8046511152213120E-06   -0.2138371898196076E-08
 0.1531972752655444E+02    0.4010755374245331E-06   -0.1073343839609615E-08
 0.1610518675448773E+02    0.1937137153953816E-06   -0.5210695394045954E-09
 0.1693091733819582E+02    0.9060104935708619E-07   -0.2444688484748780E-09
 0.1779898403424185E+02    0.4101501336440042E-07   -0.1107809926251076E-09
 0.1871155746152166E+02    0.1796682258420747E-07   -0.4846785223937248E-10
 0.1967091952894174E+02    0.7615655754153347E-08   -0.2046956168128844E-10
 0.2067946914138002E+02    0.3123334514153187E-08   -0.8343486060908467E-11
 0.2173972819819762E+02    0.1245815486905140E-08   -0.3284577287635504E-11
 0.2285434789930087E+02    0.4500347283262124E-09   -0.1145260989975016E-11
 0.2402611537452199E+02    0.1648073970514229E-09   -0.3631108466462869E-12
