 0.0000000000000000E+00    0.0000000000000000E+00    0.0000000000000000E+00
 0.1464888467886403E-08    0.1309050354508619E-13    0.2758701208198423E-08
 0.3004883373589934E-08    0.5508105222903282E-13    0.5658844050998742E-08
 0.4623835506522379E-08    0.1214474245476535E-12    0.8707680400847546E-08
 0.6325793090290573E-08    0.2251002053127223E-12    0.1191283393182949E-07
 0.8115011905364052E-08    0.3688078926290714E-12    0.1528231919923536E-07
 0.9995965930742960E-08    0.3560959019712560E-12    0.1882456166021327E-07
 0.1197335853123594E-07    0.6869450859134908E-12    0.2254841878473752E-07
 0.1405213421832203E-07    0.7814911534895187E-12    0.2646320213356922E-07
 0.1623749101400485E-07    0.1115400390659492E-11    0.3057870071817526E-07
 0.1853489344857512E-07    0.1409212203593914E-11    0.3490520541834418E-07
 0.2095008622478276E-07    0.1803681613158722E-11    0.3945353475164515E-07
 0.2348910858258601E-07    0.2256988129821939E-11    0.4423506190588515E-07
 0.2615830940039708E-07    0.2799031693552748E-11    0.4926174318853843E-07
 0.2896436307058510E-07    0.3420967025999268E-11    0.5454614791582358E-07
 0.3191428618893363E-07    0.4155474762120819E-11    0.6010148984951162E-07
 0.3501545509978486E-07    0.4995086780085676E-11    0.6594166023202647E-07
 0.3827562434074268E-07    0.5967602316887948E-11    0.7208126252607590E-07
 0.4170294603305579E-07    0.7081238482316647E-11    0.7853564892795309E-07
 0.4530599026616714E-07    0.8355361529430025E-11    0.8532095875744761E-07
 0.4909376652740141E-07    0.9809077211102992E-11    0.9245415881329698E-07
 0.5307574623037623E-07    0.1146307099624722E-10    0.9995308579947820E-07
 0.5726188639846966E-07    0.1334088558202229E-10    0.1078364909253938E-06
 0.6166265456256494E-07    0.1546900296614321E-10    0.1161240867936114E-06
 0.6628905493533010E-07    0.1787588430333258E-10    0.1248365966910611E-06
 0.7115265592748138E-07    0.2059407592697695E-10    0.1339958064075333E-06
 0.7626561907483577E-07    0.2365909301114022E-10    0.1436246187109181E-06
 0.8164072944848522E-07    0.2711054448357847E-10    0.1537471106153492E-06
 0.8729142762413383E-07    0.3099240686732185E-10    0.1643885935854045E-06
 0.9323184329053795E-07    0.3535333908955301E-10    0.1755756768270453E-06
 0.9947683058108790E-07    0.4024737081971710E-10    0.1873363338233116E-06
 0.1060420052168787E-06    0.4573438703590125E-10    0.1996999722813002E-06
 0.1129437835541465E-06    0.5188074066188421E-10    0.2126975076652158E-06
 0.1201994236337104E-06    0.5876000305114621E-10    0.2263614404993221E-06
 0.1278270683350633E-06    0.6645367762855679E-10    0.2407259376340994E-06
 0.1358457907430214E-06    0.7505207322583073E-10    0.2558269176787194E-06
 0.1442756418403704E-06    0.8465523959708570E-10    0.2717021408134270E-06
 0.1531377006457672E-06    0.9537399372010345E-10    0.2883913032063461E-06
 0.1624541269222654E-06    0.1073310757117379E-09    0.3059361362707012E-06
 0.1722482165882662E-06    0.1206624110195729E-09    0.3243805110105840E-06
 0.1825444599694479E-06    0.1355185113247437E-09    0.3437705477160612E-06
 0.1933686030373371E-06    0.1520660260592354E-09    0.3641547312818048E-06
 0.2047477117876480E-06    0.1704894528160613E-09    0.3855840324374586E-06
 0.2167102399193693E-06    0.1909930322022557E-09    0.4081120351927121E-06
 0.2292860999838330E-06    0.2138028415138551E-09    0.4317950708155739E-06
 0.2425067381816732E-06    0.2391691090101278E-09    0.4566923586786326E-06
 0.2564052129947074E-06    0.2673687735797974E-09    0.4828661543252362E-06
 0.2710162778493604E-06    0.2987083137775865E-09    0.5103819051255314E-06
 0.2863764680183328E-06    0.3335268756938622E-09    0.5393084139112327E-06
 0.3025241919778125E-06    0.3721997309691084E-09    0.5697180109978893E-06
 0.3194998274486721E-06    0.4151420993757882E-09    0.6016867350243095E-06
 0.3373458223618025E-06    0.4628133747849349E-09    0.6352945230608003E-06
 0.3561068010000500E-06    0.5157217967530208E-09    0.6706254104609350E-06
 0.3758296755821676E-06    0.5744296146937949E-09    0.7077677409558518E-06
 0.3965637635677972E-06    0.6395587965768825E-09    0.7468143875155449E-06
 0.4183609109768069E-06    0.7117973393905118E-09    0.7878629845284293E-06
 0.4412756220313464E-06    0.7919062447741303E-09    0.8310161718785594E-06
 0.4653651954447920E-06    0.8807272298329929E-09    0.8763818515294771E-06
 0.4906898676983756E-06    0.9791912505030352E-09    0.9240734572546824E-06
 0.5173129636637640E-06    0.1088327923009194E-08    0.9742102381873760E-06
 0.5453010549482219E-06    0.1209275937923800E-08    0.1026917556896337E-05
 0.5747241263583063E-06    0.1343294571284200E-08    0.1082327202730813E-05
 0.6056557508983357E-06    0.1491776408214271E-08    0.1140577721215052E-05
 0.6381732737412239E-06    0.1656261406624151E-08    0.1201814760312776E-05
 0.6723580056316995E-06    0.1838452441981808E-08    0.1266191434423551E-05
 0.7082954262055200E-06    0.2040232488968118E-08    0.1333868707016674E-05
 0.7460753977330867E-06    0.2263683612203884E-08    0.1405015792854127E-05
 0.7857923898219268E-06    0.2511107956335384E-08    0.1479810580802217E-05
 0.8275457156399195E-06    0.2785050945759167E-08    0.1558440078282037E-05
 0.8714397802499461E-06    0.3088326926361230E-08    0.1641100878461856E-05
 0.9175843416769288E-06    0.3424047506057196E-08    0.1727999651350027E-05
 0.9660947853600637E-06    0.3795652877891174E-08    0.1819353660005254E-05
 0.1017092412676520E-05    0.4206946439250170E-08    0.1915391303142034E-05
 0.1070704744258067E-05    0.4662133053672684E-08    0.2016352685472960E-05
 0.1127065838859076E-05    0.5165861338100652E-08    0.2122490217196590E-05
 0.1186316628573230E-05    0.5723270398602699E-08    0.2234069244109444E-05
 0.1248605271237174E-05    0.6340041481980961E-08    0.2351368709894196E-05
 0.1314087520902274E-05    0.7022455059700369E-08    0.2474681852212548E-05
 0.1382927117300871E-05    0.7777453914731187E-08    0.2604316934311481E-05
 0.1455296195280908E-05    0.8612712861705745E-08    0.2740598013935164E-05
 0.1531375715232703E-05    0.9536715796843775E-08    0.2883865751422072E-05
 0.1611355915584188E-05    0.1055884084704492E-07    0.3034478258957890E-05
 0.1695436788496068E-05    0.1168945446809407E-07    0.3192811993049566E-05
 0.1783828579946393E-05    0.1294001543085829E-07    0.3359262692384545E-05
 0.1876752315455018E-05    0.1432318973253853E-07    0.3534246363341747E-05
 0.1974440352762524E-05    0.1585297757842154E-07    0.3718200315527343E-05
 0.2077136962845610E-05    0.1754485369920725E-07    0.3911584249818643E-05
 0.2185098940721755E-05    0.1941592240100618E-07    0.4114881401513633E-05
 0.2298596247570535E-05    0.2148508889077978E-07    0.4328599741301565E-05
 0.2417912685777177E-05    0.2377324858070875E-07    0.4553273236891473E-05
 0.2543346608586357E-05    0.2630349625225342E-07    0.4789463178260250E-05
 0.2675211666140708E-05    0.2910135715616496E-07    0.5037759569609908E-05
 0.2813837589769559E-05    0.3219504234025828E-07    0.5298782591254389E-05
 0.2959571016489000E-05    0.3561573073434374E-07    0.5573184134788711E-05
 0.3112776355774981E-05    0.3939788078353491E-07    0.5861649415028201E-05
 0.3273836700776816E-05    0.4357957470955904E-07    0.6164898662340531E-05
 0.3443154786249595E-05    0.4820289879731155E-07    0.6483688899128790E-05
 0.3621153995600854E-05    0.5331436345351187E-07    0.6818815804357790E-05
 0.3808279419569616E-05    0.5896536716901030E-07    0.7171115670147642E-05
 0.4004998969185085E-05    0.6521270893936707E-07    0.7541467454585900E-05
 0.4211804545787937E-05    0.7211915416335793E-07    0.7930794935031299E-05
 0.4429213271039894E-05    0.7975405954991065E-07    0.8340068966294875E-05
 0.4657768779997231E-05    0.8819406312477084E-07    0.8770309848186649E-05
 0.4898042580481593E-05    0.9752384604336461E-07    0.9222589807003297E-05
 0.5150635482147220E-05    0.1078369735905607E-06    0.9698035595601895E-05
 0.5416179098818047E-05    0.1192368234863121E-06    0.1019783121675205E-04
 0.5695337427851240E-05    0.1318376104236966E-06    0.1072322077447721E-04
 0.5988808510476464E-05    0.1457655166481121E-06    0.1127551145808139E-04
 0.6297326177262543E-05    0.1611599393489237E-06    0.1185607666350176E-04
 0.6621661883076117E-05    0.1781748666833937E-06    0.1246635925652129E-04
 0.6962626636120645E-05    0.1969803953929539E-06    0.1310787498221217E-04
 0.7321073025879346E-05    0.2177644042093556E-06    0.1378221602474496E-04
 0.7697897355033002E-05    0.2407343985881995E-06    0.1449105472138110E-04
 0.8094041880683526E-05    0.2661195437545175E-06    0.1523614743405030E-04
 0.8510497170487513E-05    0.2941729046033303E-06    0.1601933858138270E-04
 0.8948304579591345E-05    0.3251739126700950E-06    0.1684256483340043E-04
 0.9408558854561478E-05    0.3594310821726974E-06    0.1770785947024916E-04
 0.9892410870821081E-05    0.3972849990268092E-06    0.1861735690534455E-04
 0.1040107051043806E-04    0.4391116087457200E-06    0.1957329737208992E-04
 0.1093580968746044E-04    0.4853258312458223E-06    0.2057803177185900E-04
 0.1149796552836397E-04    0.5363855327763413E-06    0.2163402667919185E-04
 0.1208894371556481E-04    0.5927958874565792E-06    0.2274386949808445E-04
 0.1271022200235775E-04    0.6551141632074231E-06    0.2391027376081323E-04
 0.1336335390806918E-04    0.7239549691670604E-06    0.2513608455787805E-04
 0.1404997260266460E-04    0.7999960039313878E-06    0.2642428408430963E-04
 0.1477179499052420E-04    0.8839843460883994E-06    0.2777799728371517E-04
 0.1553062600359813E-04    0.9767433304331470E-06    0.2920049756695861E-04
 0.1632836311467648E-04    0.1079180054840228E-05    0.3069521257722471E-04
 0.1716700108205966E-04    0.1192293563887149E-05    0.3226572996732713E-04
 0.1804863693749314E-04    0.1317183755778085E-05    0.3391580314842066E-04
 0.1897547522983911E-04    0.1455061058679842E-05    0.3564935696169881E-04
 0.1994983353759693E-04    0.1607256920957933E-05    0.3747049321614486E-04
 0.2097414826405659E-04    0.1775235156627176E-05    0.3938349602591138E-04
 0.2205098072957594E-04    0.1960604182158488E-05    0.4139283687041022E-04
 0.2318302357621577E-04    0.2165130173057204E-05    0.4350317928872135E-04
 0.2437310750074745E-04    0.2390751157667799E-05    0.4571938310753697E-04
 0.2562420833286936E-04    0.2639592050632876E-05    0.4804650808869070E-04
 0.2693945447633111E-04    0.2913980608326598E-05    0.5048981686861680E-04
 0.2832213473157248E-04    0.3216464262162616E-05    0.5305477704821795E-04
 0.2977570651943756E-04    0.3549827751454307E-05    0.5574706227814739E-04
 0.3130380452652774E-04    0.3917111433684798E-05    0.5857255217222533E-04
 0.3291024979381145E-04    0.4321630094470345E-05    0.6153733087172183E-04
 0.3459905927121687E-04    0.4766992009595637E-05    0.6464768407706300E-04
 0.3637445586209909E-04    0.5257117924195789E-05    0.6791009436318967E-04
 0.3824087898269810E-04    0.5796259505825364E-05    0.7133123460302319E-04
 0.4020299566299177E-04    0.6389016694513398E-05    0.7491795934381039E-04
 0.4226571221670179E-04    0.7040353208956365E-05    0.7867729401812390E-04
 0.4443418650963349E-04    0.7755609267956266E-05    0.8261642193086335E-04
 0.4671384085702703E-04    0.8540510343435558E-05    0.8674266905320953E-04
 0.4911037558216980E-04    0.9401170468384715E-05    0.9106348678347061E-04
 0.5162978327017385E-04    0.1034408827172811E-04    0.9558643301470411E-04
 0.5427836375256006E-04    0.1137613349372799E-04    0.1003191520939529E-03
 0.5706273986011834E-04    0.1250452124191561E-04    0.1052693545846553E-03
 0.5998987398343435E-04    0.1373677067223755E-04    0.1104447981715796E-03
 0.6306708548249245E-04    0.1508064412174782E-04    0.1158532715976882E-03
 0.6630206898888816E-04    0.1654406198773197E-04    0.1215025842158255E-03
 0.6970291364641513E-04    0.1813498787776300E-04    0.1274005645918974E-03
 0.7327812333813805E-04    0.1986127783002380E-04    0.1335550726137702E-03
 0.7703663795052979E-04    0.2173048690985674E-04    0.1399740307130668E-03
 0.8098785572784418E-04    0.2374962662099673E-04    0.1466654809977062E-03
 0.8514165677262189E-04    0.2592486813771023E-04    0.1536376760802330E-03
 0.8950842775109324E-04    0.2826119098237361E-04    0.1608992116431406E-03
 0.9409908786525382E-04    0.3076198752222398E-04    0.1684592072371353E-03
 0.9892511615655710E-04    0.3342865589291208E-04    0.1763275364671483E-03
 0.1039985802094972E-03    0.3626025513589687E-04    0.1845150953894455E-03
 0.1093321663268559E-03    0.3925336063358330E-04    0.1930340751811185E-03
 0.1149392112520675E-03    0.4240232633912636E-04    0.2018981733986641E-03
 0.1208337355180243E-03    0.4570015461108321E-04    0.2111226556434001E-03
 0.1270304785057119E-03    0.4913996575080202E-04    0.2207242072912232E-03
 0.1335449353003386E-03    0.5271665403310306E-04    0.2307206167396616E-03
 0.1403933954371200E-03    0.5642807769375092E-04    0.2411304367751117E-03
 0.1475929836336018E-03    0.6027541302170319E-04    0.2519727626228760E-03
 0.1551617026103730E-03    0.6426281896307691E-04    0.2632671615033315E-03
 0.1631184781072453E-03    0.6839680376115156E-04    0.2750337075116310E-03
 0.1714832062074601E-03    0.7268561480090761E-04    0.2872930590256963E-03
 0.1802768030882603E-03    0.7713878416142887E-04    0.3000665393632929E-03
 0.1895212573222279E-03    0.8176683712404061E-04    0.3133762070019017E-03
 0.1992396848601690E-03    0.8658113165332589E-04    0.3272449123247839E-03
 0.2094563868330313E-03    0.9159378735061048E-04    0.3416963433026271E-03
 0.2201969103173893E-03    0.9681767117493053E-04    0.3567550637015054E-03
 0.2314881122164428E-03    0.1022664184379152E-03    0.3724465462198861E-03
 0.2433582264162638E-03    0.1079544747021562E-03    0.3887972027365013E-03
 0.2558369343852183E-03    0.1138971509383373E-03    0.4058344128551633E-03
 0.2689554393930972E-03    0.1201106878959607E-03    0.4235865513012759E-03
 0.2827465445355445E-03    0.1266123276508064E-03    0.4420830145665264E-03
 0.2972447347588821E-03    0.1334203918107697E-03    0.4613542467884923E-03
 0.3124862630904384E-03    0.1405543663234937E-03    0.4814317647928227E-03
 0.3285092412899997E-03    0.1480349931993751E-03    0.5023481821687466E-03
 0.3453537351490618E-03    0.1558843696756418E-03    0.5241372321355936E-03
 0.3630618646761771E-03    0.1641260553826222E-03    0.5468337889744576E-03
 0.3816779094189163E-03    0.1727851881822269E-03    0.5704738877444793E-03
 0.4012484191858008E-03    0.1818886093966144E-03    0.5950947419638187E-03
 0.4218223304450712E-03    0.1914649991946124E-03    0.6207347589194383E-03
 0.4434510886913474E-03    0.2015450229756823E-03    0.6474335522166824E-03
 0.4661887770861622E-03    0.2121614896451971E-03    0.6752319511457126E-03
 0.4900922516940355E-03    0.2233495227432288E-03    0.7041720063996506E-03
 0.5152212836522509E-03    0.2351467454602654E-03    0.7342969916264688E-03
 0.5416387086298322E-03    0.2475934806435384E-03    0.7656514002493933E-03
 0.5694105839494456E-03    0.2607329669761168E-03    0.7982809369329679E-03
 0.5986063537651136E-03    0.2746115925899118E-03    0.8322325030109241E-03
 0.6292990227087730E-03    0.2892791474561352E-03    0.8675541751283265E-03
 0.6615653384398801E-03    0.3047890959824648E-03    0.9042951762789379E-03
 0.6954859835545361E-03    0.3211988713329740E-03    0.9425058383437220E-03
 0.7311457773340025E-03    0.3385701930756370E-03    0.9822375551554470E-03
 0.7686338878370852E-03    0.3569694098513578E-03    0.1023542725027041E-02
 0.8080440548667263E-03    0.3764678688469619E-03    0.1066474681588885E-02
 0.8494748243683396E-03    0.3971423139414062E-03    0.1111087611680982E-02
 0.8930297948460028E-03    0.4190753144777240E-03    0.1157436458940605E-02
 0.9388178764126811E-03    0.4423557266911613E-03    0.1205576811614347E-02
 0.9869535631222379E-03    0.4670791898941935E-03    0.1255564773005228E-02
 0.1037557219264207E-02    0.4933486595788612E-03    0.1307456812840975E-02
 0.1090755380337209E-02    0.5212749796428428E-03    0.1361309597718779E-02
 0.1146681069453613E-02    0.5509774959740228E-03    0.1417179798645043E-02
 0.1205474129966599E-02    0.5825847136343834E-03    0.1475123873546291E-02
 0.1267281575151388E-02    0.6162349998625410E-03    0.1535197822480062E-02
 0.1332257955815003E-02    0.6520773350589289E-03    0.1597456913122991E-02
 0.1400565746753787E-02    0.6902721138212447E-03    0.1661955373958522E-02
 0.1472375753025026E-02    0.7309919979519205E-03    0.1728746052429838E-02
 0.1547867537048561E-02    0.7744228231545357E-03    0.1797880035166496E-02
 0.1627229867606365E-02    0.8207645608609982E-03    0.1869406227237592E-02
 0.1710661191862824E-02    0.8702323362735655E-03    0.1943370887232662E-02
 0.1798370131586015E-02    0.9230575032506967E-03    0.2019817114826653E-02
 0.1890576004810793E-02    0.9794887760971366E-03    0.2098784287350613E-02
 0.1987509374248114E-02    0.1039793417617906E-02    0.2180307441769303E-02
 0.2089412623811908E-02    0.1104258481942165E-02    0.2264416598365436E-02
 0.2196540564705118E-02    0.1173192109592782E-02    0.2351136022353243E-02
 0.2309161072580428E-02    0.1246924871044779E-02    0.2440483419597943E-02
 0.2427555757368930E-02    0.1325811153551315E-02    0.2532469062609921E-02
 0.2552020667451633E-02    0.1410230584287475E-02    0.2627094843021362E-02
 0.2682867029934619E-02    0.1500589480834265E-02    0.2724353246848805E-02
 0.2820422028878922E-02    0.1597322317658714E-02    0.2824226249007983E-02
 0.2965029623431102E-02    0.1700893194499089E-02    0.2926684123790753E-02
 0.3117051407900273E-02    0.1811797289390559E-02    0.3031684168350986E-02
 0.3276867515932217E-02    0.1930562275417787E-02    0.3139169336693490E-02
 0.3444877571041508E-02    0.2057749676104589E-02    0.3249066782234183E-02
 0.3621501685878449E-02    0.2193956129592640E-02    0.3361286307720627E-02
 0.3807181512729525E-02    0.2339814526364807E-02    0.3475718722190206E-02
 0.4002381347878166E-02    0.2495994979176696E-02    0.3592234105722628E-02
 0.4207589292587296E-02    0.2663205577015338E-02    0.3710679984038008E-02
 0.4423318473606734E-02    0.2842192867251556E-02    0.3830879416529163E-02
 0.4650108326257341E-02    0.3033742001640996E-02    0.3952629003124866E-02
 0.4888525943300301E-02    0.3238676472414266E-02    0.4075696817489790E-02
 0.5139167492964413E-02    0.3457857354343725E-02    0.4199820276507521E-02
 0.5402659709677190E-02    0.3692181957363884E-02    0.4324703958796886E-02
 0.5679661461227380E-02    0.3942581782052245E-02    0.4450017388210827E-02
 0.5970865396277627E-02    0.4210019657071629E-02    0.4575392801890962E-02
 0.6276999676346912E-02    0.4495485923590295E-02    0.4700422926529669E-02
 0.6598829796593634E-02    0.4799993516828606E-02    0.4824658791049494E-02
 0.6937160499952235E-02    0.5124571779378548E-02    0.4947607608968198E-02
 0.7292837789409701E-02    0.5470258825014499E-02    0.5068730769290475E-02
 0.7666751043453704E-02    0.5838092255644351E-02    0.5187441980859005E-02
 0.8059835239982070E-02    0.6229098018214392E-02    0.5303105621700867E-02
 0.8473073294234534E-02    0.6644277173258872E-02    0.5415035351998092E-02
 0.8907498516592817E-02    0.7084590332981954E-02    0.5522493056852381E-02
 0.9364197196394806E-02    0.7550939515023130E-02    0.5624688192938447E-02
 0.9844311318223727E-02    0.8044147149302341E-02    0.5720777621357476E-02
 0.1034904141746443E-01    0.8564931970665634E-02    0.5809866017384310E-02
 0.1087964958226718E-01    0.9113881530764117E-02    0.5891006956185948E-02
 0.1143746260942544E-01    0.9691421070232600E-02    0.5963204781764652E-02
 0.1202387532205893E-01    0.1029777850856795E-01    0.6025417374083531E-02
 0.1264035405739798E-01    0.1093294533618239E-01    0.6076559936247560E-02
 0.1328844033339037E-01    0.1159663323322622E-01    0.6115509929351258E-02
 0.1396975470329914E-01    0.1228822629551148E-01    0.6141113286713185E-02
 0.1468600080792988E-01    0.1300672882204195E-01    0.6152192041160325E-02
 0.1543896963562008E-01    0.1375070871430787E-01    0.6147553498201957E-02
 0.1623054400064294E-01    0.1451823665785017E-01    0.6126001083638820E-02
 0.1706270325122367E-01    0.1530682140493231E-01    0.6086346985644604E-02
 0.1793752821894113E-01    0.1611334165677602E-01    0.6027426697772089E-02
 0.1885720642189058E-01    0.1693397525781832E-01    0.5948115549813301E-02
 0.1982403753461838E-01    0.1776412666561075E-01    0.5847347287025823E-02
 0.2084043913850618E-01    0.1859835395044269E-01    0.5724134724015745E-02
 0.2190895276698367E-01    0.1943029690980045E-01    0.5577592456616042E-02
 0.2303225026068591E-01    0.2025260825435230E-01    0.5406961562608623E-02
 0.2421314044844671E-01    0.2105689023259461E-01    0.5211636159411637E-02
 0.2545457617083370E-01    0.2183363950674439E-01    0.4991191613430851E-02
 0.2675966166378783E-01    0.2257220356636272E-01    0.4745414111477788E-02
 0.2813166032083016E-01    0.2326075245869200E-01    0.4474331209715583E-02
 0.2957400285324549E-01    0.2388627011204972E-01    0.4178242870727288E-02
 0.3109029586864752E-01    0.2443457001259062E-01    0.3857752385838056E-02
 0.3268433088937651E-01    0.2489034044200188E-01    0.3513796459799377E-02
 0.3436009383328007E-01    0.2523722486531874E-01    0.3147673611206368E-02
 0.3612177498058387E-01    0.2545794333919348E-01    0.2761069918296985E-02
 0.3797377945177492E-01    0.2553446095066315E-01    0.2356081020757688E-02
 0.3992073822269722E-01    0.2544820924782124E-01    0.1935229179467695E-02
 0.4196751970440363E-01    0.2518036633438585E-01    0.1501474104356983E-02
 0.4411924191671926E-01    0.2471220071307035E-01    0.1058216193194055E-02
 0.4638128528595697E-01    0.2402548301800552E-01    0.6092907894081576E-03
 0.4875930609878561E-01    0.2310296841367070E-01    0.1589520738043208E-03
 0.5125925064589297E-01    0.2192895059862302E-01   -0.2881547375653351E-03
 0.5388737009080979E-01    0.2048988598492060E-01   -0.7270340998220216E-03
 0.5665023610107465E-01    0.1877508368804640E-01   -0.1152394774324288E-02
 0.5955475728082583E-01    0.1677745343443119E-01   -0.1558719153662197E-02
 0.6260819644591026E-01    0.1449429937622196E-01   -0.1940347690987461E-02
 0.6581818878470604E-01    0.1192814313071049E-01   -0.2291578412538633E-02
 0.6919276095007051E-01    0.9087554212001050E-02   -0.2606780965998353E-02
 0.7274035113015324E-01    0.5987960523911758E-02   -0.2880524042299288E-02
 0.7646983014826163E-01    0.2652405925458208E-02   -0.3107714311668287E-02
 0.8039052364453982E-01   -0.8877836781444002E-03   -0.3283744249619404E-02
 0.8451223539492653E-01   -0.4592469393428055E-02   -0.3404645416856358E-02
 0.8884527182570151E-01   -0.8412351510739971E-02   -0.3467242929695768E-02
 0.9340046778491957E-01   -0.1228885573651259E-01   -0.3469306056180762E-02
 0.9818921363517440E-01   -0.1615430557724509E-01   -0.3409689149779330E-02
 0.1032234837354379E+00   -0.1993243172415231E-01   -0.3288456549368358E-02
 0.1085158663831950E+00   -0.2353926511410108E-01   -0.3106984700031620E-02
 0.1140795952917440E+00   -0.2688445275318697E-01   -0.2868034655239850E-02
 0.1199285826813733E+00   -0.2987302401255538E-01   -0.2575788373927409E-02
 0.1260774540671584E+00   -0.3240761974420655E-01   -0.2235842879630993E-02
 0.1325415848303679E+00   -0.3439117725169392E-01   -0.1855157434910876E-02
 0.1393371386649252E+00   -0.3573004120041662E-01   -0.1441950403975242E-02
 0.1464811079950624E+00   -0.3633744458821495E-01   -0.1005544394468868E-02
 0.1539913564652325E+00   -0.3613727585939736E-01   -0.5561605122114855E-03
 0.1618866636085246E+00   -0.3506801937289155E-01   -0.1046650219554485E-03
 0.1701867718052788E+00   -0.3308672822334686E-01    0.3377257509170499E-03
 0.1789124356493201E+00   -0.3017286255784897E-01    0.7597739644290635E-03
 0.1880854738452541E+00   -0.2633180486164872E-01    0.1150571664349857E-02
 0.1977288237665927E+00   -0.2159784811082012E-01    0.1499902523873099E-02
 0.2078665988111361E+00   -0.1603644513640451E-01    0.1798599888310320E-02
 0.2185241486970266E+00   -0.9745509908961034E-02    0.2038886100185536E-02
 0.2297281228502490E+00   -0.2855575525497608E-02    0.2214677657128964E-02
 0.2415065370420756E+00    0.4471358969009050E-02    0.2321840960318144E-02
 0.2538888434430882E+00    0.1204441901154119E-01    0.2358384311862210E-02
 0.2669060042689446E+00    0.1964795161921082E-01    0.2324573497553744E-02
 0.2805905692020456E+00    0.2704712762329453E-01    0.2222960834221032E-02
 0.2949767567826956E+00    0.3399496434426753E-01    0.2058321032663234E-02
 0.3101005399732767E+00    0.4024059249100052E-01    0.1837491623846086E-02
 0.3259997361093921E+00    0.4553849695772121E-01    0.1569120894401794E-02
 0.3427141014629037E+00    0.4965837198684918E-01    0.1263331994445981E-02
 0.3602854306533192E+00    0.5239515546286246E-01    0.9313176628528292E-03
 0.3787576611561113E+00    0.5357875358866324E-01    0.5848852730167394E-03
 0.3981769831692922E+00    0.5308294335772830E-01    0.2359759930750940E-03
 0.4185919551129680E+00    0.5083295105044364E-01   -0.1038157995435443E-03
 0.4400536250506819E+00    0.4681125190598463E-01   -0.4236964974027697E-03
 0.4626156583361626E+00    0.4106121663952327E-01   -0.7140763100823251E-03
 0.4863344718046623E+00    0.3368833838573975E-01   -0.9669010989885059E-03
 0.5112693748444305E+00    0.2485890001167364E-01   -0.1175898285141235E-02
 0.5374827177010773E+00    0.1479607626874874E-01   -0.1336728514877123E-02
 0.5650400473856650E+00    0.3773597803181674E-02   -0.1447041270936756E-02
 0.5940102715763773E+00   -0.7892774146434111E-02   -0.1506438574218267E-02
 0.6244658309236064E+00   -0.1985560910865665E-01   -0.1516355866011881E-02
 0.6564828801893130E+00   -0.3174756884050210E-01   -0.1479872841341353E-02
 0.6901414786735977E+00   -0.4319407429410896E-01   -0.1401469373940527E-02
 0.7255257904046520E+00   -0.5382634976280526E-01   -0.1286742835394510E-02
 0.7627242945926684E+00   -0.6329430698709172E-01   -0.1142103250360580E-02
 0.8018300068739527E+00   -0.7127874731705437E-01   -0.9744620523794161E-03
 0.8429407118984635E+00   -0.7750239849089673E-01   -0.7909288953514326E-03
 0.8861592078423725E+00   -0.8173936257188409E-01   -0.5985291808157653E-03
 0.9315935634570484E+00   -0.8382263061880001E-01   -0.4039527928754277E-03
 0.9793573882972270E+00   -0.8364941416172016E-01   -0.2133420853585755E-03
 0.1029570116804074E+01   -0.8118414867808013E-01   -0.3212453587128937E-04
 0.1082357306953498E+01   -0.7645913403574101E-01    0.1351072184855791E-03
 0.1137850954216494E+01   -0.6957288456070639E-01    0.2846678855018747E-03
 0.1196189821616567E+01   -0.6068636013719909E-01    0.4138069106563770E-03
 0.1257519786709578E+01   -0.5001733331353200E-01    0.5206951795493014E-03
 0.1321994206353610E+01   -0.3783321086246186E-01    0.6043770501009011E-03
 0.1389774300181000E+01   -0.2444266861832727E-01    0.6646947810024240E-03
 0.1461029553731390E+01   -0.1018647484912355E-01    0.7021928917224553E-03
 0.1535938142253860E+01    0.4572128774232587E-02    0.7180099115845896E-03
 0.1614687376237858E+01    0.1945714525669628E-01    0.7137644307309501E-03
 0.1697474169786987E+01    0.3408933687389188E-01    0.6914414682204969E-03
 0.1784505533006835E+01    0.4809528465703410E-01    0.6532840524541973E-03
 0.1875999089638066E+01    0.6111579709199304E-01    0.6016936953705574E-03
 0.1972183621229121E+01    0.7281352882375974E-01    0.5391422469285344E-03
 0.2073299639209264E+01    0.8287972348232515E-01    0.4680965268011260E-03
 0.2179599986292427E+01    0.9104004229775681E-01    0.3909562022195056E-03
 0.2291350468715695E+01    0.9705948033232166E-01    0.3100046413117277E-03
 0.2408830520893354E+01    0.1007464041594795E+00    0.2273719218368687E-03
 0.2532333904148474E+01    0.1019557685025773E+00    0.1450087994561683E-03
 0.2662169441269232E+01    0.1005915848831970E+00    0.6467021048381074E-04
 0.2798661788726742E+01    0.9660872299024963E-01   -0.1209322925932274E-04
 0.2942152248485335E+01    0.9001412547717966E-01   -0.8393729390996176E-04
 0.3092999621435251E+01    0.8086750933091537E-01   -0.1497213114805949E-03
 0.3251581104581752E+01    0.6928161189382762E-01   -0.2085018616607252E-03
 0.3418293234234111E+01    0.5542201722754900E-01   -0.2595243212441849E-03
 0.3593552877552928E+01    0.3950656925954566E-01   -0.3022134111694617E-03
 0.3777798274935171E+01    0.2180434302803909E-01   -0.3361637082524837E-03
 0.3971490135843438E+01    0.2634105973043073E-02   -0.3611308659642761E-03
 0.4175112790819585E+01   -0.1763784002184171E-01   -0.3770240475078369E-03
 0.4389175402563355E+01   -0.3860058516403869E-01   -0.3838998192793564E-03
 0.4614213239104344E+01   -0.5980249130234653E-01   -0.3819574944976968E-03
 0.4850789012250877E+01   -0.8075623495913695E-01   -0.3715356680441214E-03
 0.5099494284662639E+01   -0.1009452368403621E+00   -0.3531094576200734E-03
 0.5360950949065451E+01   -0.1198316954254488E+00   -0.3272877758948715E-03
 0.5635812783307012E+01   -0.1368664147892890E+00   -0.2948098146070332E-03
 0.5924767085142062E+01   -0.1515005636435284E+00   -0.2565398341251375E-03
 0.6228536390834766E+01   -0.1631994210591916E+00   -0.2134593281560742E-03
 0.6547880281875716E+01   -0.1714580529815909E+00   -0.1666556787949105E-03
 0.6883597284331323E+01   -0.1758187228473775E+00   -0.1173065356349454E-03
 0.7236526865574901E+01   -0.1758896720046069E+00   -0.6665934585946687E-04
 0.7607551533392368E+01   -0.1713647167293945E+00   -0.1600572913546988E-04
 0.7997599042711387E+01   -0.1620429073261490E+00    0.3334927279545171E-04
 0.8407644715471930E+01   -0.1478472937878111E+00    0.8012264592680964E-04
 0.8838713879439149E+01   -0.1288416584278236E+00    0.1230926866150292E-03
 0.9291884432056865E+01   -0.1052439291467074E+00    0.1611407875020380E-03
 0.9768289535752617E+01   -0.7743490087306790E-01    0.1932939422469839E-03
 0.1026912045143399E+02   -0.4596089200830472E-01    0.2187657755217265E-03
 0.1079562951726135E+02   -0.1152907143206083E-01    0.2369935858836043E-03
 0.1134913328014559E+02    0.2500556996232696E-01    0.2476687085059833E-03
 0.1193101578780117E+02    0.6266224835080858E-01    0.2507575096997443E-03
 0.1254273204958628E+02    0.1003655372113543E+00    0.2465105566791294E-03
 0.1318581167478415E+02    0.1369851051119829E+00    0.2354579917605096E-03
 0.1386186269742300E+02    0.1713827567649747E+00    0.2183898870314799E-03
 0.1457257559719868E+02    0.2024646991217202E+00    0.1963213427555203E-03
 0.1531972752655444E+02    0.2292361900676359E+00    0.1704432669704078E-03
 0.1610518675448773E+02    0.2508550815050678E+00    0.1420610470285147E-03
 0.1693091733819582E+02    0.2666803380173254E+00    0.1125245767848891E-03
 0.1779898403424185E+02    0.2763114905389212E+00    0.8315419339558146E-04
 0.1871155746152166E+02    0.2796152475362375E+00    0.5516785445329362E-04
 0.1967091952894174E+02    0.2767361769567385E+00    0.2961521019805567E-04
 0.2067946914138002E+02    0.2680894853731439E+00    0.7323992127899338E-05
 0.2173972819819762E+02    0.2543353922133636E+00   -0.1113669842875487E-04
 0.2285434789930087E+02    0.2363363002118385E+00   -0.2547303081771995E-04
 0.2402611537452199E+02    0.2150997158672446E+00   -0.3566171548939464E-04
 0.2525796065289547E+02    0.1917114556507531E+00   -0.4192473819153032E-04
 0.2655296398925679E+02    0.1672648563397848E+00   -0.4468652474825778E-04
 0.2791436356648396E+02    0.1427922862591196E+00   -0.4451834452285124E-04
 0.2934556359264142E+02    0.1192051346006930E+00   -0.4207605355117912E-04
 0.3085014281327337E+02    0.9724747031848584E-01   -0.3803777283975461E-04
 0.3243186346013171E+02    0.7746706686112707E-01   -0.3304777314754640E-04
 0.3409468065871507E+02    0.6020536153344257E-01   -0.2767167037827692E-04
 0.3584275231814270E+02    0.4560570483601157E-01   -0.2236624348446515E-04
 0.3768044952809305E+02    0.3363717400985725E-01   -0.1746505513777219E-04
 0.3961236748880471E+02    0.2412962461637903E-01   -0.1317893595394109E-04
 0.4164333700147059E+02    0.1681476350555435E-01   -0.9608624301598748E-05
 0.4377843654775712E+02    0.1136794956888689E-01   -0.6765698942338555E-05
 0.4602300498865372E+02    0.7446115351446278E-02   -0.4597528270335709E-05
 0.4838265491440612E+02    0.4718466482710433E-02   -0.3012266876680198E-05
 0.5086328667891544E+02    0.2888177251353829E-02   -0.1900798800859141E-05
 0.5347110315369635E+02    0.1704852767354844E-02   -0.1153709330005594E-05
 0.5621262523828673E+02    0.9688054870686588E-03   -0.6725910568102242E-06
 0.5909470816589314E+02    0.5290251466457731E-03   -0.3760222817145267E-06
 0.6212455864504455E+02    0.2770538870876929E-03   -0.2012499648282228E-06
 0.6530975288011747E+02    0.1388709115074205E-03   -0.1029222233642069E-06
 0.6865825551579320E+02    0.6647810068384124E-04   -0.5019544970735691E-07
 0.7217843955281801E+02    0.3032318516710836E-04   -0.2329541810849851E-07
 0.7587910728486646E+02    0.1314778865800297E-04   -0.1026439539916598E-07
 0.7976951230886041E+02    0.5405118411075272E-05   -0.4283437059056103E-08
 0.8385938266378133E+02    0.2101167956446255E-05   -0.1688562689805418E-08
 0.8815894515583484E+02    0.7701537311697611E-06   -0.6270502532272942E-09
 0.9267895093079316E+02    0.2653600741845421E-06   -0.2187060739929813E-09
 0.9743070235745957E+02    0.8567002375027208E-07   -0.7141928338887159E-10
 0.1024260812894775E+03    0.2582573476670376E-07   -0.2176144921005716E-10
 0.1076775787761537E+03    0.7242512540999277E-08   -0.6164299255562725E-11
 0.1131983262965877E+03    0.1881866719683570E-08   -0.1616868911403563E-11
