 0.0000000000000000E+00    0.0000000000000000E+00    0.0000000000000000E+00
 0.1464888467886403E-08    0.6867788451018387E-32    0.1042910466007403E-33
 0.3004883373589934E-08    0.1163145774496126E-30    0.1293088443471568E-32
 0.4623835506522379E-08    0.6638164729976909E-30   -0.9828326330111432E-33
 0.6325793090290573E-08    0.2340345546734414E-29    0.2269934422519828E-33
 0.8115011905364052E-08    0.6359396198146998E-29    0.2326053739341091E-35
 0.9995965930742960E-08    0.1466998206917223E-28   -0.8704803411691914E-34
 0.1197335853123594E-07    0.3023979363375486E-28   -0.2429885064808544E-33
 0.1405213421832203E-07    0.5742549692085560E-28   -0.5531676625138628E-33
 0.1623749101400485E-07    0.1024543562214384E-27   -0.1145714571492563E-32
 0.1853489344857512E-07    0.1740471767589672E-27   -0.2223286382074442E-32
 0.2095008622478276E-07    0.2842202184898432E-27   -0.4105410643729253E-32
 0.2348910858258601E-07    0.4493131413019002E-27   -0.7276182575421095E-32
 0.2615830940039708E-07    0.6913017658693078E-27   -0.1246763603811908E-31
 0.2896436307058510E-07    0.1039468955832654E-26   -0.2075655348047265E-31
 0.3191428618893363E-07    0.1532524922850881E-26   -0.3371855672509856E-31
 0.3501545509978486E-07    0.2221290533583033E-26   -0.5361981135940027E-31
 0.3827562434074268E-07    0.3172084752690833E-26   -0.8369904955768564E-31
 0.4170294603305579E-07    0.4470991417245467E-26   -0.1285327840494484E-30
 0.4530599026616714E-07    0.6229222611069503E-26   -0.1945479085523138E-30
 0.4909376652740141E-07    0.8589847844662801E-26   -0.2906979617476673E-30
 0.5307574623037623E-07    0.1173622232312849E-25   -0.4293874994051287E-30
 0.5726188639846966E-07    0.1590252659324523E-25   -0.6276993164055644E-30
 0.6166265456256494E-07    0.2138692723132702E-25   -0.9090468633425906E-30
 0.6628905493533010E-07    0.2856798817448563E-25   -0.1305368805292235E-29
 0.7115265592748138E-07    0.3792510997294231E-25   -0.1860057218518664E-29
 0.7626561907483577E-07    0.5006395598525760E-25   -0.2631838199471728E-29
 0.8164072944848522E-07    0.6574804812066089E-25   -0.3699918724282513E-29
 0.8729142762413383E-07    0.8593798967924311E-25   -0.5170787541927004E-29
 0.9323184329053795E-07    0.1118401108303487E-24   -0.7187195745020509E-29
 0.9947683058108790E-07    0.1449667476162667E-24   -0.9939987785285726E-29
 0.1060420052168787E-06    0.1872108756143563E-24   -0.1368367043325802E-28
 0.1129437835541465E-06    0.2409384460298880E-24   -0.1875686605940188E-28
 0.1201994236337104E-06    0.3091025413557536E-24   -0.2560915111607776E-28
 0.1278270683350633E-06    0.3953844120774298E-24   -0.3483622608838520E-28
 0.1358457907430214E-06    0.5043676147238042E-24   -0.4722595254422399E-28
 0.1442756418403704E-06    0.6417528932387268E-24   -0.6381854768439737E-28
 0.1531377006457672E-06    0.8146231894010597E-24   -0.8598521200345398E-28
 0.1624541269222654E-06    0.1031770306360851E-23   -0.1155307358791124E-27
 0.1722482165882662E-06    0.1304097371044131E-23   -0.1548272795954290E-27
 0.1825444599694479E-06    0.1645114454846363E-23   -0.2069886511321715E-27
 0.1933686030373371E-06    0.2071548650641161E-23   -0.2760971634416968E-27
 0.2047477117876480E-06    0.2604094730378663E-23   -0.3674987159488748E-27
 0.2167102399193693E-06    0.3268338420522279E-23   -0.4881863516063117E-27
 0.2292860999838330E-06    0.4095891575855229E-23   -0.6472984914254308E-27
 0.2425067381816732E-06    0.5125787403778786E-23   -0.8567657351177321E-27
 0.2564052129947074E-06    0.6406194755667041E-23   -0.1132150040968358E-26
 0.2710162778493604E-06    0.7996523805055206E-23   -0.1493732909565858E-26
 0.2863764680183328E-06    0.9970011719831420E-23   -0.1967925728808548E-26
 0.3025241919778125E-06    0.1241689687424037E-22   -0.2589096767974708E-26
 0.3194998274486721E-06    0.1544831455218499E-22   -0.3401936821495392E-26
 0.3373458223618025E-06    0.1920107696365680E-22   -0.4464520982702773E-26
 0.3561068010000500E-06    0.2384353695105443E-22   -0.5852269770886331E-26
 0.3758296755821676E-06    0.2958277949331689E-22   -0.7663071798589145E-26
 0.3965637635677972E-06    0.3667343984702751E-22   -0.1002390615619759E-25
 0.4183609109768069E-06    0.4542851412479438E-22   -0.1309940060623308E-25
 0.4412756220313464E-06    0.5623261002842580E-22   -0.1710288782420147E-25
 0.4653651954447920E-06    0.6955818566044820E-22   -0.2231068440799740E-25
 0.4906898676983756E-06    0.8598544690650110E-22   -0.2908052664002579E-25
 0.5173129636637640E-06    0.1062267237933761E-21   -0.3787536645161076E-25
 0.5453010549482219E-06    0.1311563295706380E-21   -0.4929407797877296E-25
 0.5747241263583063E-06    0.1618471304789897E-21   -0.6411107172664205E-25
 0.6056557508983357E-06    0.1996153283508816E-21   -0.8332738824748438E-25
 0.6381732737412239E-06    0.2460752934546095E-21   -0.1082365831275095E-24
 0.6723580056316995E-06    0.3032066949285827E-21   -0.1405096672190627E-24
 0.7082954262055200E-06    0.3734366773621155E-21   -0.1823045912015810E-24
 0.7460753977330867E-06    0.4597404448558103E-21   -0.2364073398209169E-24
 0.7857923898219268E-06    0.5657643630379671E-21   -0.3064137289702146E-24
 0.8275457156399195E-06    0.6959766053299632E-21   -0.3969636072440020E-24
 0.8714397802499461E-06    0.8558514892785282E-21   -0.5140425186875501E-24
 0.9175843416769288E-06    0.1052095017263397E-20   -0.6653701985131905E-24
 0.9660947853600637E-06    0.1292920808647581E-20   -0.8609008227765895E-24
 0.1017092412676520E-05    0.1588387655041338E-20   -0.1113467068838197E-23
 0.1070704744258067E-05    0.1950812429372775E-20   -0.1439609218836900E-23
 0.1127065838859076E-05    0.2395275133793670E-20   -0.1860642335492892E-23
 0.1186316628573230E-05    0.2940236604379346E-20   -0.2404029706406546E-23
 0.1248605271237174E-05    0.3608293952737274E-20   -0.3105150250920912E-23
 0.1314087520902274E-05    0.4427104400064455E-20   -0.4009572647794467E-23
 0.1382927117300871E-05    0.5430514972755127E-20   -0.5175981159545560E-23
 0.1455296195280908E-05    0.6659943855095724E-20   -0.6679939539648895E-23
 0.1531375715232703E-05    0.8166069369559004E-20   -0.8618732631844938E-23
 0.1611355915584188E-05    0.1001089498882188E-19   -0.1111759367278337E-22
 0.1695436788496068E-05    0.1227027397691073E-19   -0.1433771321450664E-22
 0.1783828579946393E-05    0.1503699582193554E-19   -0.1848653854727352E-22
 0.1876752315455018E-05    0.1842455930752501E-19   -0.2383101766234778E-22
 0.1974440352762524E-05    0.2257178478790452E-19   -0.3071462831568720E-22
 0.2077136962845610E-05    0.2764845209866074E-19   -0.3957927241198641E-22
 0.2185098940721755E-05    0.3386219191508070E-19   -0.5099342384858527E-22
 0.2298596247570535E-05    0.4146690892818562E-19   -0.6568831356588982E-22
 0.2417912685777177E-05    0.5077307697998540E-19   -0.8460444379408239E-22
 0.2543346608586357E-05    0.6216032176972767E-19   -0.1089513764064441E-21
 0.2675211666140708E-05    0.7609279894845871E-19   -0.1402845790359558E-21
 0.2813837589769559E-05    0.9313798806927030E-19   -0.1806041900253257E-21
 0.2959571016489000E-05    0.1139896604861380E-18   -0.2324819472149552E-21
 0.3112776355774981E-05    0.1394959474300001E-18   -0.2992243031555615E-21
 0.3273836700776816E-05    0.1706936398973764E-18   -0.3850820324306491E-21
 0.3443154786249595E-05    0.2088501029225733E-18   -0.4955195690166551E-21
 0.3621153995600854E-05    0.2555144933564910E-18   -0.6375610773879929E-21
 0.3808279419569616E-05    0.3125803447642215E-18   -0.8202350971026175E-21
 0.4004998969185085E-05    0.3823620405292643E-18   -0.1055145810737270E-20
 0.4211804545787937E-05    0.4676882550956092E-18   -0.1357206959296745E-20
 0.4429213271039894E-05    0.5720161259408932E-18   -0.1745584668166846E-20
 0.4657768779997231E-05    0.6995707527748497E-18   -0.2244908592716867E-20
 0.4898042580481593E-05    0.8555156390869969E-18   -0.2886827670127206E-20
 0.5150635482147220E-05    0.1046160935427228E-17   -0.3712008430626699E-20
 0.5416179098818047E-05    0.1279217863644476E-17   -0.4772701634051841E-20
 0.5695337427851240E-05    0.1564109557735252E-17   -0.6136038697203192E-20
 0.5988808510476464E-05    0.1912350824463617E-17   -0.7888265196544499E-20
 0.6297326177262543E-05    0.2338012096481769E-17   -0.1014017753260416E-19
 0.6621661883076117E-05    0.2858286233397723E-17   -0.1303410429829069E-19
 0.6962626636120645E-05    0.3494180957756338E-17   -0.1675287070978312E-19
 0.7321073025879346E-05    0.4271364758858454E-17   -0.2153130866827186E-19
 0.7697897355033002E-05    0.5221200259979362E-17   -0.2767103435408914E-19
 0.8094041880683526E-05    0.6382006570780280E-17   -0.3555941961559321E-19
 0.8510497170487513E-05    0.7800601337986722E-17   -0.4569394548858803E-19
 0.8948304579591345E-05    0.9534184431745203E-17   -0.5871346221042384E-19
 0.9408558854561478E-05    0.1165263891169680E-16   -0.7543831086672532E-19
 0.9892410870821081E-05    0.1424134165407086E-16   -0.9692181393053517E-19
 0.1040107051043806E-04    0.1740459645828127E-16   -0.1245163494494148E-18
 0.1093580968746044E-04    0.2126982740541588E-16   -0.1599581300069374E-18
 0.1149796552836397E-04    0.2599270070842718E-16   -0.2054759684187111E-18
 0.1208894371556481E-04    0.3176338049104980E-16   -0.2639307984127339E-18
 0.1271022200235775E-04    0.3881416934345386E-16   -0.3389946209018889E-18
 0.1336335390806918E-04    0.4742883993777030E-16   -0.4353799804569735E-18
 0.1404997260266460E-04    0.5795403165415836E-16   -0.5591341895315095E-18
 0.1477179499052420E-04    0.7081316876131861E-16   -0.7180164974477603E-18
 0.1553062600359813E-04    0.8652345749861151E-16   -0.9219814857548730E-18
 0.1632836311467648E-04    0.1057166424246868E-15   -0.1183798464567078E-17
 0.1716700108205966E-04    0.1291643525114364E-15   -0.1519844930792004E-17
 0.1804863693749314E-04    0.1578090506221156E-15   -0.1951122716652690E-17
 0.1897547522983911E-04    0.1928018234692722E-15   -0.2504558923047441E-17
 0.1994983353759693E-04    0.2355485217355453E-15   -0.3214670877142638E-17
 0.2097414826405659E-04    0.2877660925188535E-15   -0.4125696160681071E-17
 0.2205098072957594E-04    0.3515513517372241E-15   -0.5294316462042859E-17
 0.2318302357621577E-04    0.4294649385522991E-15   -0.6793139163427392E-17
 0.2437310750074745E-04    0.5246337966650930E-15   -0.8715145126393695E-17
 0.2562420833286936E-04    0.6408762621367739E-15   -0.1117936750484347E-16
 0.2693945447633111E-04    0.7828547329450555E-15   -0.1433813759919069E-16
 0.2832213473157248E-04    0.9562619867784150E-15   -0.1838632348140484E-16
 0.2977570651943756E-04    0.1168048543129033E-14   -0.2357309992855340E-16
 0.3130380452652774E-04    0.1426700085285237E-14   -0.3021692966700953E-16
 0.3291024979381145E-04    0.1742575930213412E-14   -0.3872461278396170E-16
 0.3459905927121687E-04    0.2128321935977152E-14   -0.4961548147156761E-16
 0.3637445586209909E-04    0.2599374160158345E-14   -0.6355209056627130E-16
 0.3824087898269810E-04    0.3174573141642093E-14   -0.8137909171648967E-16
 0.4020299566299177E-04    0.3876913009404373E-14   -0.1041723930590120E-15
 0.4226571221670179E-04    0.4734454892605796E-14   -0.1333012108952706E-15
 0.4443418650963349E-04    0.5781440519607785E-14   -0.1705062296375182E-15
 0.4671384085702703E-04    0.7059649697089511E-14   -0.2179978154643204E-15
 0.4911037558216980E-04    0.8620054856214525E-14   -0.2785790896011546E-15
 0.5162978327017385E-04    0.1052483740959790E-13   -0.3557996653651882E-15
 0.5427836375256006E-04    0.1284984473202208E-13   -0.4541469850322784E-15
 0.5706273986011834E-04    0.1568758371315925E-13   -0.5792834359842385E-15
 0.5998987398343435E-04    0.1915086771320712E-13   -0.7383387287112616E-15
 0.6306708548249245E-04    0.2337725922321894E-13   -0.9402682844358648E-15
 0.6630206898888816E-04    0.2853448163274897E-13   -0.1196289441517870E-14
 0.6970291364641513E-04    0.3482701153359462E-13   -0.1520407884973139E-14
 0.7327812333813805E-04    0.4250410955589621E-13   -0.1930046443011735E-14
 0.7703663795052979E-04    0.5186960486165907E-13   -0.2446786744069535E-14
 0.8098785572784418E-04    0.6329381863357143E-13   -0.3097230543510249E-14
 0.8514165677262189E-04    0.7722809832328485E-13   -0.3913981252444187E-14
 0.8950842775109324E-04    0.9422254087676659E-13   -0.4936737462038119E-14
 0.9409908786525382E-04    0.1149476141029195E-12   -0.6213481414105007E-14
 0.9892511615655710E-04    0.1402205456146411E-12   -0.7801744393501784E-14
 0.1039985802094972E-03    0.1710375427004288E-12   -0.9769957418100367E-14
 0.1093321663268559E-03    0.2086131366198010E-12   -0.1219898577859980E-13
 0.1149392112520675E-03    0.2544282115826264E-12   -0.1518413965797404E-13
 0.1208337355180243E-03    0.3102885863995809E-12   -0.1883822015540941E-13
 0.1270304785057119E-03    0.3783963903069969E-12   -0.2329628246383250E-13
 0.1335449353003386E-03    0.4614369675386936E-12   -0.2872246419104007E-13
 0.1403933954371200E-03    0.5626847017061578E-12   -0.3531856164694103E-13
 0.1475929836336018E-03    0.6861319571848516E-12   -0.4333375528750913E-13
 0.1551617026103730E-03    0.8366462641520291E-12   -0.5307533319813561E-13
 0.1631184781072453E-03    0.1020161963419400E-11   -0.6492091034062855E-13
 0.1714832062074601E-03    0.1243913855907325E-11   -0.7933296891078074E-13
 0.1802768030882603E-03    0.1516722039072073E-11   -0.9687658906412835E-13
 0.1895212573222279E-03    0.1849339119535104E-11   -0.1182412317897472E-12
 0.1992396848601690E-03    0.2254873439967932E-11   -0.1442674946231424E-12
 0.2094563868330313E-03    0.2749304941906779E-11   -0.1759799020577909E-12
 0.2201969103173893E-03    0.3352113920493382E-11   -0.2146270052945401E-12
 0.2314881122164428E-03    0.4087047354035340E-11   -0.2617303444354377E-12
 0.2433582264162638E-03    0.4983052883609305E-11   -0.3191441730029503E-12
 0.2558369343852183E-03    0.6075417086128552E-11   -0.3891282688716098E-12
 0.2689554393930972E-03    0.7407152684522022E-11   -0.4744366714801845E-12
 0.2827465445355445E-03    0.9030689082718721E-11   -0.5784258113618609E-12
 0.2972447347588821E-03    0.1100993248047881E-10   -0.7051862583702080E-12
 0.3124862630904384E-03    0.1342277627557168E-10   -0.8597032388894965E-12
 0.3285092412899997E-03    0.1636416006033923E-10   -0.1048052195745029E-11
 0.3453537351490618E-03    0.1994979695006254E-10   -0.1277637031189011E-11
 0.3630618646761771E-03    0.2432071507366255E-10   -0.1557480336299360E-11
 0.3816779094189163E-03    0.2964879082508710E-10   -0.1898576933801405E-11
 0.4012484191858008E-03    0.3614349014717011E-10   -0.2314324523905534E-11
 0.4218223304450712E-03    0.4406008119579537E-10   -0.2821048219227045E-11
 0.4434510886913474E-03    0.5370963903120865E-10   -0.3438639400600672E-11
 0.4661887770861622E-03    0.6547123271854676E-10   -0.4191333760795046E-11
 0.4900922516940355E-03    0.7980677008159854E-10   -0.5108658798047162E-11
 0.5152212836522509E-03    0.9727907861264442E-10   -0.6226587582781152E-11
 0.5416387086298322E-03    0.1185739266709588E-09   -0.7588943599978782E-11
 0.5694105839494456E-03    0.1445268419317159E-09   -0.9249111171314104E-11
 0.5986063537651136E-03    0.1761557699412159E-09   -0.1127211775540708E-10
 0.6292990227087730E-03    0.2147008417176134E-09   -0.1373716876044116E-10
 0.6615653384398801E-03    0.2616727942593360E-09   -0.1674073292569124E-10
 0.6954859835545361E-03    0.3189119220882823E-09   -0.2040029749792221E-10
 0.7311457773340025E-03    0.3886598443084788E-09   -0.2485893814621606E-10
 0.7686338878370852E-03    0.4736468655707783E-09   -0.3029087979555132E-10
 0.8080440548667263E-03    0.5771983095645475E-09   -0.3690826249193324E-10
 0.8494748243683396E-03    0.7033639329653441E-09   -0.4496937246520059E-10
 0.8930297948460028E-03    0.8570754137453504E-09   -0.5478865445547154E-10
 0.9388178764126811E-03    0.1044337983844886E-08   -0.6674888920428657E-10
 0.9869535631222379E-03    0.1272463582932733E-08   -0.8131600230909654E-10
 0.1037557219264207E-02    0.1550354496437143E-08   -0.9905707045632498E-10
 0.1090755380337209E-02    0.1888848366646031E-08   -0.1206622120787725E-09
 0.1146681069453613E-02    0.2301137802398241E-08   -0.1469711961923379E-09
 0.1205474129966599E-02    0.2803280647767054E-08   -0.1790057809470918E-09
 0.1267281575151388E-02    0.3414820408452341E-08   -0.2180090087875745E-09
 0.1332257955815003E-02    0.4159540503624679E-08   -0.2654929459094765E-09
 0.1400565746753787E-02    0.5066381064496806E-08   -0.3232966693929218E-09
 0.1472375753025026E-02    0.6170553124683671E-08   -0.3936566873959036E-09
 0.1547867537048561E-02    0.7514892465677051E-08   -0.4792924398447145E-09
 0.1627229867606365E-02    0.9151504364033734E-08   -0.5835100856961537E-09
 0.1710661191862824E-02    0.1114376136136118E-07   -0.7103284579526606E-09
 0.1798370131586015E-02    0.1356872933698589E-07   -0.8646318830796756E-09
 0.1890576004810793E-02    0.1652011307972371E-07   -0.1052355545992562E-08
 0.1987509374248114E-02    0.2011183179919744E-07   -0.1280710269764598E-08
 0.2089412623811908E-02    0.2448235827387519E-07   -0.1558455011908645E-08
 0.2196540564705118E-02    0.2979998342587558E-07   -0.1896227105899032E-08
 0.2309161072580428E-02    0.3626920203036649E-07   -0.2306942356617106E-08
 0.2427555757368930E-02    0.4413845619634224E-07   -0.2806279602234903E-08
 0.2552020667451633E-02    0.5370952261766639E-07   -0.3413267366981617E-08
 0.2682867029934619E-02    0.6534888909136429E-07   -0.4150993849751970E-08
 0.2820422028878922E-02    0.7950153747142384E-07   -0.5047465842263457E-08
 0.2965029623431102E-02    0.9670763650535380E-07   -0.6136647389726616E-08
 0.3117051407900273E-02    0.1176227517935563E-06   -0.7459715265700480E-08
 0.3276867515932217E-02    0.1430423048829896E-06   -0.9066575831263395E-08
 0.3444877571041508E-02    0.1739311633822402E-06   -0.1101769682393454E-07
 0.3621501685878449E-02    0.2114594238707117E-06   -0.1338631835410412E-07
 0.3807181512729525E-02    0.2570456650949583E-06   -0.1626112020653234E-07
 0.4002381347878166E-02    0.3124092074056382E-06   -0.1974943784078119E-07
 0.4207589292587296E-02    0.3796332237617104E-06   -0.2398113771423448E-07
 0.4423318473606734E-02    0.4612409175697528E-06   -0.2911328425027586E-07
 0.4650108326257341E-02    0.5602874245207036E-06   -0.3533575656850600E-07
 0.4888525943300301E-02    0.6804706228313454E-06   -0.4287800371395606E-07
 0.5139167492964413E-02    0.8262646646236859E-06   -0.5201716341742752E-07
 0.5402659709677190E-02    0.1003080789007649E-05   -0.6308781237403361E-07
 0.5679661461227380E-02    0.1217460866298180E-05   -0.7649366677949417E-07
 0.5970865396277627E-02    0.1477310177777093E-05   -0.9272161172361774E-07
 0.6276999676346912E-02    0.1792177185634349E-05   -0.1123585085096671E-06
 0.6598829796593634E-02    0.2173589526917340E-05   -0.1361113117615972E-06
 0.6937160499952235E-02    0.2635457212381204E-05   -0.1648311252463079E-06
 0.7292837789409701E-02    0.3194556070760487E-05   -0.1995419388756467E-06
 0.7666751043453704E-02    0.3871106902292278E-05   -0.2414749218336526E-06
 0.8059835239982070E-02    0.4689468650498653E-05   -0.2921093009529874E-06
 0.8473073294234534E-02    0.5678967234145316E-05   -0.3532210323866514E-06
 0.8907498516592817E-02    0.6874885576029502E-05   -0.4269406816235934E-06
 0.9364197196394806E-02    0.8319644904581309E-05   -0.5158221655937454E-06
 0.9844311318223727E-02    0.1006421267990192E-04   -0.6229242848614962E-06
 0.1034904141746443E-01    0.1216977860847180E-04   -0.7519072877751040E-06
 0.1087964958226718E-01    0.1470974726960495E-04   -0.9071470660981104E-06
 0.1143746260942544E-01    0.1777210399881451E-04   -0.1093869987272830E-05
 0.1202387532205893E-01    0.2146221998182674E-04   -0.1318311826068730E-05
 0.1264035405739798E-01    0.2590617313513473E-04   -0.1587904771583049E-05
 0.1328844033339037E-01    0.3125467341216921E-04   -0.1911497057351287E-05
 0.1396975470329914E-01    0.3768769480130814E-04   -0.2299610394614563E-05
 0.1468600080792988E-01    0.4541993158481608E-04   -0.2764741081989777E-05
 0.1543896963562008E-01    0.5470721349823484E-04   -0.3321711417204602E-05
 0.1623054400064294E-01    0.6585403332832842E-04   -0.3988078843670386E-05
 0.1706270325122367E-01    0.7922236122932619E-04   -0.4784611118234459E-05
 0.1793752821894113E-01    0.9524194257318120E-04   -0.5735836673462286E-05
 0.1885720642189058E-01    0.1144223003453336E-03   -0.6870680249185741E-05
 0.1982403753461838E-01    0.1373666887059490E-03   -0.8223194757219523E-05
 0.2084043913850618E-01    0.1647882709661757E-03   -0.9833401184229218E-05
 0.2190895276698367E-01    0.1975288223060599E-03   -0.1174824908361434E-04
 0.2303225026068591E-01    0.2365802842868193E-03   -0.1402271079732538E-04
 0.2421314044844671E-01    0.2831095235129635E-03   -0.1672102290612600E-04
 0.2545457617083370E-01    0.3384866692801814E-03   -0.1991808843656343E-04
 0.2675966166378783E-01    0.4043174229198835E-03   -0.2370105293782908E-04
 0.2813166032083016E-01    0.4824797425957165E-03   -0.2817106654030373E-04
 0.2957400285324549E-01    0.5751653087978498E-03   -0.3344524235132683E-04
 0.3109029586864752E-01    0.6849261644464660E-03   -0.3965881883499508E-04
 0.3268433088937651E-01    0.8147268955023787E-03   -0.4696752993427723E-04
 0.3436009383328007E-01    0.9680026688381093E-03   -0.5555018136992275E-04
 0.3612177498058387E-01    0.1148723368815887E-02   -0.6561142451283398E-04
 0.3797377945177492E-01    0.1361463967001513E-02   -0.7738471018285339E-04
 0.3992073822269722E-01    0.1611481114769430E-02   -0.9113539338935026E-04
 0.4196751970440363E-01    0.1904795760072588E-02   -0.1071639461399670E-03
 0.4411924191671926E-01    0.2248281351274009E-02   -0.1258092188141203E-03
 0.4638128528595697E-01    0.2649756897003367E-02   -0.1474516711572335E-03
 0.4875930609878561E-01    0.3118083796718838E-02   -0.1725164718133834E-03
 0.5125925064589297E-01    0.3663264938612464E-02   -0.2014763408491227E-03
 0.5388737009080979E-01    0.4296544078224003E-02   -0.2348539836374012E-03
 0.5665023610107465E-01    0.5030502963628977E-02   -0.2732239378828423E-03
 0.5955475728082583E-01    0.5879153065292257E-02   -0.3172136300451771E-03
 0.6260819644591026E-01    0.6858018107840696E-02   -0.3675034149684319E-03
 0.6581818878470604E-01    0.7984202897683323E-02   -0.4248253555191284E-03
 0.6919276095007051E-01    0.9276443208400691E-02   -0.4899604900073675E-03
 0.7274035113015324E-01    0.1075513074183805E-01   -0.5637343364749381E-03
 0.7646983014826163E-01    0.1244230644611397E-01   -0.6470103963326239E-03
 0.8039052364453982E-01    0.1436161476399962E-01   -0.7406814459120522E-03
 0.8451223539492653E-01    0.1653821073117039E-01   -0.8456584421922851E-03
 0.8884527182570151E-01    0.1899861127361469E-01   -0.9628569151797620E-03
 0.9340046778491957E-01    0.2177048160581445E-01   -0.1093180769107017E-02
 0.9818921363517440E-01    0.2488234735965788E-01   -0.1237503461431262E-02
 0.1032234837354379E+00    0.2836322305382873E-01   -0.1396646566438737E-02
 0.1085158663831950E+00    0.3224214784929468E-01   -0.1571355755560734E-02
 0.1140795952917440E+00    0.3654762036667219E-01   -0.1762274241309723E-02
 0.1199285826813733E+00    0.4130692583439810E-01   -0.1969913746580036E-02
 0.1260774540671584E+00    0.4654535117663300E-01   -0.2194623096792248E-02
 0.1325415848303679E+00    0.5228528700325565E-01   -0.2436554619514318E-02
 0.1393371386649252E+00    0.5854521992950036E-01   -0.2695628710350235E-02
 0.1464811079950624E+00    0.6533862419410440E-01   -0.2971497216323452E-02
 0.1539913564652325E+00    0.7267276792486289E-01   -0.3263506711833927E-02
 0.1618866636085246E+00    0.8054745613250879E-01   -0.3570663276407881E-02
 0.1701867718052788E+00    0.8895373886526256E-01   -0.3891600958370826E-02
 0.1789124356493201E+00    0.9787261803664928E-01   -0.4224556600376884E-02
 0.1880854738452541E+00    0.1072737893961690E+00   -0.4567353942210845E-02
 0.1977288237665927E+00    0.1171144564373469E+00   -0.4917399718543378E-02
 0.2078665988111361E+00    0.1273382509347741E+00   -0.5271693685539335E-02
 0.2185241486970266E+00    0.1378742915229298E+00   -0.5626853096145782E-02
 0.2297281228502490E+00    0.1486364097173482E+00   -0.5979150230338046E-02
 0.2415065370420756E+00    0.1595225754270099E+00   -0.6324559527521712E-02
 0.2538888434430882E+00    0.1704145648742368E+00   -0.6658809235310139E-02
 0.2669060042689446E+00    0.1811779352637082E+00   -0.6977431983027811E-02
 0.2805905692020456E+00    0.1916624018367640E+00   -0.7275809954675939E-02
 0.2949767567826956E+00    0.2017027486415023E+00   -0.7549213700094438E-02
 0.3101005399732767E+00    0.2111204332683686E+00   -0.7792838811130716E-02
 0.3259997361093921E+00    0.2197260518689095E+00   -0.8001850642810841E-02
 0.3427141014629037E+00    0.2273227962367806E+00   -0.8171452165758371E-02
 0.3602854306533192E+00    0.2337109458114089E+00   -0.8296991674831364E-02
 0.3787576611561113E+00    0.2386932914546425E+00   -0.8374123474081634E-02
 0.3981769831692922E+00    0.2420811994765315E+00   -0.8399024894740996E-02
 0.4185919551129680E+00    0.2437008287079509E+00   -0.8368657931519304E-02
 0.4400536250506819E+00    0.2433988627535311E+00   -0.8281046289224278E-02
 0.4626156583361626E+00    0.2410470733947554E+00   -0.8135523244009343E-02
 0.4863344718046623E+00    0.2365451402319069E+00   -0.7932897542218801E-02
 0.5112693748444305E+00    0.2298214400588664E+00   -0.7675487778572468E-02
 0.5374827177010773E+00    0.2208319691776043E+00   -0.7366992165104674E-02
 0.5650400473856650E+00    0.2095581056239020E+00   -0.7012188920256856E-02
 0.5940102715763773E+00    0.1960044436627565E+00   -0.6616497950205887E-02
 0.6244658309236064E+00    0.1801982987525166E+00   -0.6185469835947646E-02
 0.6564828801893130E+00    0.1621925445176498E+00   -0.5724295140366353E-02
 0.6901414786735977E+00    0.1420730926814912E+00   -0.5237438250310904E-02
 0.7255257904046520E+00    0.1199715162528433E+00   -0.4728490407459960E-02
 0.7627242945926684E+00    0.9608209189261070E-01   -0.4200305115971636E-02
 0.8018300068739527E+00    0.7068105144251925E-01   -0.3655429110613621E-02
 0.8429407118984635E+00    0.4414433586442079E-01   -0.3096781277627206E-02
 0.8861592078423725E+00    0.1695895563004931E-01   -0.2528471436062464E-02
 0.9315935634570484E+00   -0.1027748788412363E-01   -0.1956603214704803E-02
 0.9793573882972270E+00   -0.3687419721848077E-01   -0.1389881751502663E-02
 0.1029570116804074E+01   -0.6208512579807571E-01   -0.8398551261137190E-03
 0.1082357306953498E+01   -0.8516861752570999E-01   -0.3206599354568361E-03
 0.1137850954216494E+01   -0.1054665430669616E+00    0.1517888585708007E-03
 0.1196189821616567E+01   -0.1224969482204171E+00    0.5611367383343473E-03
 0.1257519786709578E+01   -0.1360504991895360E+00    0.8923404373120793E-03
 0.1321994206353610E+01   -0.1462778941942579E+00    0.1133636804857574E-02
 0.1389774300181000E+01   -0.1537534379943034E+00    0.1278483012459894E-02
 0.1461029553731390E+01   -0.1594995826101967E+00    0.1327200373765483E-02
 0.1535938142253860E+01   -0.1649587354542320E+00    0.1288066467686044E-02
 0.1614687376237858E+01   -0.1719021986463995E+00    0.1177643016777938E-02
 0.1697474169786987E+01   -0.1822717616032906E+00    0.1020194130222839E-02
 0.1784505533006835E+01   -0.1979570972340626E+00    0.8461343655114527E-03
 0.1875999089638066E+01   -0.2205213858193473E+00    0.6895426941191772E-03
 0.1972183621229121E+01   -0.2508979124880885E+00    0.5848822419387479E-03
 0.2073299639209264E+01   -0.2890907887852797E+00    0.5631724616849608E-03
 0.2179599986292427E+01   -0.3339220201568905E+00    0.6479647128982945E-03
 0.2291350468715695E+01   -0.3828729954010027E+00    0.8515650855074376E-03
 0.2408830520893354E+01   -0.4320688739977372E+00    0.1172015419559389E-02
 0.2532333904148474E+01   -0.4764470130070674E+00    0.1591364905658180E-02
 0.2662169441269232E+01   -0.5101337295593318E+00    0.2075716838289487E-02
 0.2798661788726742E+01   -0.5270268165283254E+00    0.2577396022354195E-02
 0.2942152248485335E+01   -0.5215458881051123E+00    0.3039339872213428E-02
 0.3092999621435251E+01   -0.4894731551370870E+00    0.3401478473235341E-02
 0.3251581104581752E+01   -0.4287708318936935E+00    0.3608473454456166E-02
 0.3418293234234111E+01   -0.3402373817720297E+00    0.3617803419484677E-02
 0.3593552877552928E+01   -0.2278627527821990E+00    0.3406912038269106E-02
 0.3777798274935171E+01   -0.9876951434958534E-01    0.2978075654298230E-02
 0.3971490135843438E+01    0.3731650508585869E-01    0.2359873566193299E-02
 0.4175112790819585E+01    0.1690427216051167E+00    0.1604664205816608E-02
 0.4389175402563355E+01    0.2847420975935125E+00    0.7822047268281651E-03
 0.4614213239104344E+01    0.3738936706183750E+00   -0.2966093142623123E-04
 0.4850789012250877E+01    0.4284991045256617E+00   -0.7556809857100835E-03
 0.5099494284662639E+01    0.4441436513369868E+00   -0.1333363154079101E-02
 0.5360950949065451E+01    0.4205585806950438E+00   -0.1720854330895024E-02
 0.5635812783307012E+01    0.3615896308806745E+00   -0.1901249072080979E-02
 0.5924767085142062E+01    0.2745834321458155E+00   -0.1882793357948209E-02
 0.6228536390834766E+01    0.1693076467914744E+00   -0.1695266227002847E-02
 0.6547880281875716E+01    0.5659868964668403E-01   -0.1383513845779110E-02
 0.6883597284331323E+01   -0.5303211830834413E-01   -0.9995381348759629E-03
 0.7236526865574901E+01   -0.1506128340634728E+00   -0.5946415382005232E-03
 0.7607551533392368E+01   -0.2295758160909457E+00   -0.2129178581520255E-03
 0.7997599042711387E+01   -0.2861823490227073E+00    0.1130596204684516E-03
 0.8407644715471930E+01   -0.3195032519711068E+00    0.3640422074215096E-03
 0.8838713879439149E+01   -0.3310281493308071E+00    0.5336022195388314E-03
 0.9291884432056865E+01   -0.3240272415996376E+00    0.6258969552405643E-03
 0.9768289535752617E+01   -0.3028087213273797E+00    0.6524595829485231E-03
 0.1026912045143399E+02   -0.2720040931447791E+00    0.6287701709712585E-03
 0.1079562951726135E+02   -0.2359806335677710E+00    0.5712090764681352E-03
 0.1134913328014559E+02   -0.1984363169008348E+00    0.4947669800577682E-03
 0.1193101578780117E+02   -0.1621888754600834E+00    0.4116486764065223E-03
 0.1254273204958628E+02   -0.1291357901853452E+00    0.3307123893474848E-03
 0.1318581167478415E+02   -0.1003405814724809E+00    0.2575603071302788E-03
 0.1386186269742300E+02   -0.7619347959061232E-01    0.1950438965110339E-03
 0.1457257559719868E+02   -0.5659892063465931E-01    0.1439569934683089E-03
 0.1531972752655444E+02   -0.4115401890815799E-01    0.1037389733955921E-03
 0.1610518675448773E+02   -0.2929651255735623E-01    0.7307591875494029E-04
 0.1693091733819582E+02   -0.2041381094139470E-01    0.5035011875361553E-04
 0.1779898403424185E+02   -0.1391438117891238E-01    0.3393536359292513E-04
 0.1871155746152166E+02   -0.9268131945673382E-02    0.2236322193468221E-04
 0.1967091952894174E+02   -0.6024268494702348E-02    0.1439592699932618E-04
 0.2067946914138002E+02   -0.3814513807332304E-02    0.9040070126766520E-05
 0.2173972819819762E+02   -0.2347873520429181E-02    0.5527939671188954E-05
 0.2285434789930087E+02   -0.1401208099396720E-02    0.3284647824069649E-05
 0.2402611537452199E+02   -0.8082789703710745E-03    0.1891785553820988E-05
 0.2525796065289547E+02   -0.4488129465335002E-03    0.1053146977422316E-05
 0.2655296398925679E+02   -0.2384259755835663E-03    0.5649139939234291E-06
 0.2791436356648396E+02   -0.1198310720375397E-03    0.2910046991808291E-06
 0.2934556359264142E+02   -0.5550492670644833E-04    0.1434704768568466E-06
 0.3085014281327337E+02   -0.2182434049247399E-04    0.6745350569315910E-07
 0.3243186346013171E+02   -0.4570890922158856E-05    0.3005316882067768E-07
 0.3409468065871507E+02    0.4371502325724014E-05    0.1239319431395371E-07
 0.3584275231814270E+02    0.9339598351848813E-05    0.4190110201650658E-08
 0.3768044952809305E+02    0.1245328360048211E-04    0.1886385717980578E-09
 0.3961236748880471E+02    0.1461886886827590E-04   -0.2077166203554378E-08
 0.4164333700147059E+02    0.1614088411696044E-04   -0.3626541208755927E-08
 0.4377843654775712E+02    0.1707282517288236E-04   -0.4795257833607134E-08
 0.4602300498865372E+02    0.1740211929022909E-04   -0.5643434734470612E-08
 0.4838265491440612E+02    0.1713472656476737E-04   -0.6155280189044015E-08
 0.5086328667891544E+02    0.1632268818698895E-04   -0.6323461898745801E-08
 0.5347110315369635E+02    0.1506196584883858E-04   -0.6174124601378984E-08
 0.5621262523828673E+02    0.1347721780278089E-04   -0.5764069774459320E-08
 0.5909470816589314E+02    0.1170334836299088E-04   -0.5168102519640146E-08
 0.6212455864504455E+02    0.9868901163304407E-05   -0.4465039317539275E-08
 0.6530975288011747E+02    0.8083897788283236E-05   -0.3726513933092362E-08
 0.6865825551579320E+02    0.6432706200412789E-05   -0.3010115058299458E-08
 0.7217843955281801E+02    0.4971511812120849E-05   -0.2356494989976126E-08
 0.7587910728486646E+02    0.3729834606713050E-05   -0.1789150873690217E-08
 0.7976951230886041E+02    0.2713982255597607E-05   -0.1318301510229370E-08
 0.8385938266378133E+02    0.1913311821709688E-05   -0.9413125839028963E-09
 0.8815894515583484E+02    0.1304348453525436E-05   -0.6518106157657086E-09
 0.9267895093079316E+02    0.8583266977543848E-06   -0.4356404257888071E-09
 0.9743070235745957E+02    0.5437606607601161E-06   -0.2800447707576833E-09
 0.1024260812894775E+03    0.3309344668855672E-06   -0.1732666272783211E-09
 0.1076775787761537E+03    0.1924146843651665E-06   -0.1012430150877202E-09
 0.1131983262965877E+03    0.1067698871108246E-06   -0.5635531397674038E-10
 0.1190021285952095E+03    0.5615899114390641E-07   -0.2896697798032371E-10
 0.1251034982008314E+03    0.2804292460817381E-07   -0.1389415931952458E-10
 0.1315176917155289E+03    0.1326364231593043E-07   -0.5966581002435996E-11
 0.1382607479640929E+03    0.6035130747512443E-08   -0.2418304465168340E-11
 0.1453495280994460E+03    0.2695664059919501E-08   -0.8321722805076981E-12
 0.1528017577643072E+03    0.1266353557440421E-08   -0.4392200327459385E-12
 0.1606360714145318E+03    0.6160678359977375E-09   -0.2805013915442495E-12
 0.1688720589149570E+03    0.3148924109815653E-09   -0.1801753481181626E-12
 0.1775303145242683E+03    0.2061924543854821E-09   -0.1169164600697772E-12
