 0.0000000000000000E+00    0.0000000000000000E+00    0.0000000000000000E+00
 0.1464888467886403E-08   -0.1993076293565907E-14    0.7669229671364795E-17
 0.3004883373589934E-08   -0.6737308872365173E-15    0.2224416870936812E-16
 0.4623835506522379E-08   -0.1687012596141076E-14    0.8018046521276191E-17
 0.6325793090290573E-08   -0.3119171332834253E-14    0.3827130087502701E-17
 0.8115011905364052E-08   -0.5121054827012235E-14    0.2364701789708145E-17
 0.9995965930742960E-08   -0.7750735435469733E-14    0.1576261581659204E-17
 0.1197335853123594E-07   -0.1110176300316372E-13    0.1200408066541304E-17
 0.1405213421832203E-07   -0.1526933801189755E-13    0.1005781872075797E-17
 0.1623749101400485E-07   -0.2036398606649790E-13    0.9635825769986140E-18
 0.1853489344857512E-07   -0.2650771989573453E-13    0.1027505426106790E-17
 0.2095008622478276E-07   -0.3383680523255373E-13    0.1206328365194214E-17
 0.2348910858258601E-07   -0.4250315380663223E-13    0.1492922220045152E-17
 0.2615830940039708E-07   -0.5267603367519886E-13    0.1912803024234185E-17
 0.2896436307058510E-07   -0.6454396808268005E-13    0.2479505911961940E-17
 0.3191428618893363E-07   -0.7831682920014546E-13    0.3229044869806739E-17
 0.3501545509978486E-07   -0.9422815856578615E-13    0.4193275654068717E-17
 0.3827562434074268E-07   -0.1125377346693850E-12    0.5421384109769892E-17
 0.4170294603305579E-07   -0.1335344145744739E-12    0.6965519689561967E-17
 0.4530599026616714E-07   -0.1575392784024591E-12    0.8893810537316054E-17
 0.4909376652740141E-07   -0.1849091087011650E-12    0.1128386489489697E-16
 0.5307574623037623E-07   -0.2160402400797547E-12    0.1423092075144366E-16
 0.5726188639846966E-07   -0.2513728182215719E-12    0.1784632192181537E-16
 0.6166265456256494E-07   -0.2913955115105981E-12    0.2226347321803606E-16
 0.6628905493533010E-07   -0.3366507230589896E-12    0.2763952062971563E-16
 0.7115265592748138E-07   -0.3877403559571969E-12    0.3416094396583819E-16
 0.7626561907483577E-07   -0.4453321901283103E-12    0.4204765395860977E-16
 0.8164072944848522E-07   -0.5101669353140767E-12    0.5155943848059731E-16
 0.8729142762413383E-07   -0.5830660315112955E-12    0.6300239760915094E-16
 0.9323184329053795E-07   -0.6649402756818062E-12    0.7673719579897392E-16
 0.9947683058108790E-07   -0.7567993618528895E-12    0.9318822398832644E-16
 0.1060420052168787E-06   -0.8597624308899407E-12    0.1128546122655142E-15
 0.1129437835541465E-06   -0.9750697363509381E-12    0.1363228854515510E-15
 0.1201994236337104E-06   -0.1104095544024792E-11    0.1642818653611947E-15
 0.1278270683350633E-06   -0.1248362395123306E-11    0.1975399758444406E-15
 0.1358457907430214E-06   -0.1409556876764492E-11    0.2370454851797608E-15
 0.1442756418403704E-06   -0.1589547058488571E-11    0.2839100807555265E-15
 0.1531377006457672E-06   -0.1790401770237600E-11    0.3394363813745707E-15
 0.1624541269222654E-06   -0.2014411915674554E-11    0.4051499985307259E-15
 0.1722482165882662E-06   -0.2264114035097906E-11    0.4828369169183696E-15
 0.1825444599694479E-06   -0.2542316354730545E-11    0.5745870530526330E-15
 0.1933686030373371E-06   -0.2852127584049482E-11    0.6828450145192050E-15
 0.2047477117876480E-06   -0.3196988750325732E-11    0.8104692345123918E-15
 0.2167102399193693E-06   -0.3580708389934163E-11    0.9608008571777582E-15
 0.2292860999838330E-06   -0.4007501449574885E-11    0.1137743967697080E-14
 0.2425067381816732E-06   -0.4482032287661563E-11    0.1345859024464024E-14
 0.2564052129947074E-06   -0.5009462207136382E-11    0.1590471650957950E-14
 0.2710162778493604E-06   -0.5595501996284808E-11    0.1877799297667991E-14
 0.2863764680183328E-06   -0.6246470004201623E-11    0.2215098692146257E-14
 0.3025241919778125E-06   -0.6969356332888700E-11    0.2610837470618910E-14
 0.3194998274486721E-06   -0.7771893789101214E-11    0.3074893936208437E-14
 0.3373458223618025E-06   -0.8662636306635241E-11    0.3618789530519712E-14
 0.3561068010000500E-06   -0.9651045624396097E-11    0.4255959350811233E-14
 0.3758296755821676E-06   -0.1074758708808454E-10    0.5002066911588472E-14
 0.3965637635677972E-06   -0.1196383553450443E-10    0.5875370356493056E-14
 0.4183609109768069E-06   -0.1331259231821555E-10    0.6897148496780229E-14
 0.4412756220313464E-06   -0.1480801465156925E-10    0.8092196412805697E-14
 0.4653651954447920E-06   -0.1646575855215580E-10    0.9489401935585218E-14
 0.4906898676983756E-06   -0.1830313682759254E-10    0.1112241616229212E-13
 0.5173129636637640E-06   -0.2033929367776211E-10    0.1303043329403890E-13
 0.5453010549482219E-06   -0.2259539766054489E-10    0.1525909756458850E-13
 0.5747241263583063E-06   -0.2509485495044666E-10    0.1786155791077863E-13
 0.6056557508983357E-06   -0.2786354502212970E-10    0.2089969438440374E-13
 0.6381732737412239E-06   -0.3093008111472881E-10    0.2444554419667479E-13
 0.6723580056316995E-06   -0.3432609808019852E-10    0.2858295980788052E-13
 0.7082954262055200E-06   -0.3808657049228437E-10    0.3340953672847458E-13
 0.7460753977330867E-06   -0.4225016419472564E-10    0.3903885480195829E-13
 0.7857923898219268E-06   -0.4685962480100622E-10    0.4560308383211938E-13
 0.8275457156399195E-06   -0.5196220702673692E-10    0.5325601265729221E-13
 0.8714397802499461E-06   -0.5761014914315498E-10    0.6217657034790685E-13
 0.9175843416769288E-06   -0.6386119729042411E-10    0.7257291932627104E-13
 0.9660947853600637E-06   -0.7077918488686317E-10    0.8468721312977652E-13
 0.1017092412676520E-05   -0.7843467291979024E-10    0.9880112655139262E-13
 0.1070704744258067E-05   -0.8690565751094163E-10    0.1152422833320996E-12
 0.1127065838859076E-05   -0.9627835182041503E-10    0.1343917268415280E-12
 0.1186316628573230E-05   -0.1066480500943867E-09    0.1566926027209481E-12
 0.1248605271237174E-05   -0.1181200824809011E-09    0.1826602498060749E-12
 0.1314087520902274E-05   -0.1308108701430468E-09    0.2128939274109470E-12
 0.1382927117300871E-05   -0.1448490911986304E-09    0.2480904439516758E-12
 0.1455296195280908E-05   -0.1603769691201200E-09    0.2890599947493586E-12
 0.1531375715232703E-05   -0.1775516964490166E-09    0.3367445666368485E-12
 0.1611355915584188E-05   -0.1965470080272439E-09    0.3922393248225241E-12
 0.1695436788496068E-05   -0.2175549194375182E-09    0.4568174646321167E-12
 0.1783828579946393E-05   -0.2407876479905065E-09    0.5319590887643839E-12
 0.1876752315455018E-05   -0.2664797354143481E-09    0.6193847613059469E-12
 0.1974440352762524E-05   -0.2948903934103996E-09    0.7210944949841320E-12
 0.2077136962845610E-05   -0.3263060954576438E-09    0.8394130503516395E-12
 0.2185098940721755E-05   -0.3610434406985189E-09    0.9770425675265424E-12
 0.2298596247570535E-05   -0.3994523184460434E-09    0.1137123715928172E-11
 0.2417912685777177E-05   -0.4419194048418711E-09    0.1323306738837925E-11
 0.2543346608586357E-05   -0.4888720264971250E-09    0.1539833991842951E-11
 0.2675211666140708E-05   -0.5407824295953194E-09    0.1791635832247535E-11
 0.2813837589769559E-05   -0.5981724969644485E-09    0.2084442016110278E-11
 0.2959571016489000E-05   -0.6616189600738436E-09    0.2424911107347618E-11
 0.3112776355774981E-05   -0.7317591578231370E-09    0.2820780807066677E-11
 0.3273836700776816E-05   -0.8092973994146416E-09    0.3281042579913652E-11
 0.3443154786249595E-05   -0.8950119945892074E-09    0.3816144498126543E-11
 0.3621153995600854E-05   -0.9897630211165376E-09    0.4438226855198557E-11
 0.3808279419569616E-05   -0.1094500906729617E-08    0.5161395833527621E-11
 0.4004998969185085E-05   -0.1210275910748722E-08    0.6002041360279002E-11
 0.4211804545787937E-05   -0.1338248599531750E-08    0.6979206271616197E-11
 0.4429213271039894E-05   -0.1479701419699269E-08    0.8115015049062129E-11
 0.4657768779997231E-05   -0.1636051483908628E-08    0.9435171718055325E-11
 0.4898042580481593E-05   -0.1808864695895198E-08    0.1096953803666459E-10
 0.5150635482147220E-05   -0.1999871354673155E-08    0.1275280488531708E-10
 0.5416179098818047E-05   -0.2210983392316563E-08    0.1482527183487086E-10
 0.5695337427851240E-05   -0.2444313415761429E-08    0.1723375226491145E-10
 0.5988808510476464E-05   -0.2702195740728510E-08    0.2003262417814283E-10
 0.6297326177262543E-05   -0.2987209625328721E-08    0.2328505006928262E-10
 0.6621661883076117E-05   -0.3302204932354883E-08    0.2706439292612416E-10
 0.6962626636120645E-05   -0.3650330472881454E-08    0.3145585974457292E-10
 0.7321073025879346E-05   -0.4035065309799423E-08    0.3655840891869089E-10
 0.7697897355033002E-05   -0.4460253328534735E-08    0.4248696362390172E-10
 0.8094041880683526E-05   -0.4930141413688338E-08    0.4937497996514391E-10
 0.8510497170487513E-05   -0.5449421604967931E-08    0.5737742634662198E-10
 0.8948304579591345E-05   -0.6023277643844099E-08    0.6667423939053774E-10
 0.9408558854561478E-05   -0.6657436364178871E-08    0.7747433196401241E-10
 0.9892410870821081E-05   -0.7358224425982809E-08    0.9002024066617688E-10
 0.1040107051043806E-04   -0.8132630941823781E-08    0.1045935137068210E-09
 0.1093580968746044E-04   -0.8988376600634100E-08    0.1215209557292121E-09
 0.1149796552836397E-04   -0.9933989954143072E-08    0.1411818640793470E-09
 0.1208894371556481E-04   -0.1097889159737391E-07    0.1640164116229486E-09
 0.1271022200235775E-04   -0.1213348704702266E-07    0.1905353548170387E-09
 0.1336335390806918E-04   -0.1340926920058792E-07    0.2213312727497427E-09
 0.1404997260266460E-04   -0.1481893134536820E-07    0.2570915737032230E-09
 0.1477179499052420E-04   -0.1637649178037904E-07    0.2986135409407222E-09
 0.1553062600359813E-04   -0.1809743121645988E-07    0.3468217293738941E-09
 0.1632836311467648E-04   -0.1999884423084475E-07    0.4027880700636134E-09
 0.1716700108205966E-04   -0.2209960617282872E-07    0.4677550906964881E-09
 0.1804863693749314E-04   -0.2442055704744175E-07    0.5431627178119601E-09
 0.1897547522983911E-04   -0.2698470404472989E-07    0.6306791911604213E-09
 0.1994983353759693E-04   -0.2981744453388223E-07    0.7322366926245405E-09
 0.2097414826405659E-04   -0.3294681150448482E-07    0.8500723720003380E-09
 0.2205098072957594E-04   -0.3640374361207100E-07    0.9867755398085043E-09
 0.2318302357621577E-04   -0.4022238217223386E-07    0.1145341893123363E-08
 0.2437310750074745E-04   -0.4444039764724479E-07    0.1329235743713213E-08
 0.2562420833286936E-04   -0.4909934838164259E-07    0.1542461327582243E-08
 0.2693945447633111E-04   -0.5424507456894420E-07    0.1789644389525268E-08
 0.2832213473157248E-04   -0.5992813067078962E-07    0.2076125352731867E-08
 0.2977570651943756E-04   -0.6620425976296730E-07    0.2408065497565677E-08
 0.3130380452652774E-04   -0.7313491355052471E-07    0.2792567679242707E-08
 0.3291024979381145E-04   -0.8078782207783100E-07    0.3237813202540084E-08
 0.3459905927121687E-04   -0.8923761746095163E-07    0.3753216530832260E-08
 0.3637445586209909E-04   -0.9856651629221835E-07    0.4349599520218999E-08
 0.3824087898269810E-04   -0.1088650657156937E-06    0.5039386815094672E-08
 0.4020299566299177E-04   -0.1202329585551161E-06    0.5836823889587568E-08
 0.4226571221670179E-04   -0.1327799233049392E-06    0.6758218930699117E-08
 0.4443418650963349E-04   -0.1466266952882381E-06    0.7822209282257890E-08
 0.4671384085702703E-04   -0.1619060758684797E-06    0.9050052436999056E-08
 0.4911037558216980E-04   -0.1787640873125229E-06    0.1046594049055455E-07
 0.5162978327017385E-04   -0.1973612317929230E-06    0.1209733544492179E-07
 0.5427836375256006E-04   -0.2178738641613043E-06    0.1397532062909163E-07
 0.5706273986011834E-04   -0.2404956896216797E-06    0.1613496061454141E-07
 0.5998987398343435E-04   -0.2654393994180027E-06    0.1861565812627935E-07
 0.6306708548249245E-04   -0.2929384603023268E-06    0.2146149132799537E-07
 0.6630206898888816E-04   -0.3232490770984452E-06    0.2472150820184429E-07
 0.6970291364641513E-04   -0.3566523524077097E-06    0.2844994625954662E-07
 0.7327812333813805E-04   -0.3934566737576392E-06    0.3270633530861457E-07
 0.7703663795052979E-04   -0.4340003666316827E-06    0.3755542854867691E-07
 0.8098785572784418E-04   -0.4786546621398312E-06    0.4306689374357986E-07
 0.8514165677262189E-04   -0.5278270406212471E-06    0.4931468429947829E-07
 0.8950842775109324E-04   -0.5819650264605535E-06    0.5637600662022419E-07
 0.9409908786525382E-04   -0.6415605224286738E-06    0.6432981995113962E-07
 0.9892511615655710E-04   -0.7071547779690658E-06    0.7325487808990893E-07
 0.1039985802094972E-03   -0.7793440732289466E-06    0.8322750181715150E-07
 0.1093321663268559E-03   -0.8587861456877693E-06    0.9431964696946108E-07
 0.1149392112520675E-03   -0.9462072730993957E-06    0.1065983608024330E-06
 0.1208337355180243E-03   -0.1042409797026606E-05    0.1201280346662988E-06
 0.1270304785057119E-03   -0.1148279777501210E-05    0.1349766043546309E-06
 0.1335449353003386E-03   -0.1264794624631026E-05    0.1512248295425830E-06
 0.1403933954371200E-03   -0.1393031085412216E-05    0.1689747092479498E-06
 0.1475929836336018E-03   -0.1534174223562853E-05    0.1883538216647126E-06
 0.1551617026103730E-03   -0.1689527713274065E-05    0.2095160944577887E-06
 0.1631184781072453E-03   -0.1860525486597233E-05    0.2326409418535950E-06
 0.1714832062074601E-03   -0.2048744726532025E-05    0.2579322213428592E-06
 0.1802768030882603E-03   -0.2255920220702747E-05    0.2856178213529511E-06
 0.1895212573222279E-03   -0.2483960143560299E-05    0.3159500998529269E-06
 0.1992396848601690E-03   -0.2734963381968799E-05    0.3492071023429635E-06
 0.2094563868330313E-03   -0.3011238548048926E-05    0.3856944255354875E-06
 0.2201969103173893E-03   -0.3315324844131416E-05    0.4257476055846780E-06
 0.2314881122164428E-03   -0.3650014962331533E-05    0.4697349461801559E-06
 0.2433582264162638E-03   -0.4018380218319873E-05    0.5180607382739641E-06
 0.2558369343852183E-03   -0.4423798136542542E-05    0.5711688536272765E-06
 0.2689554393930972E-03   -0.4869982723334356E-05    0.6295467161553360E-06
 0.2827465445355445E-03   -0.5361017685366967E-05    0.6937296704461971E-06
 0.2972447347588821E-03   -0.5901392873914919E-05    0.7643057771689978E-06
 0.3124862630904384E-03   -0.6496044260625122E-05    0.8419210724653403E-06
 0.3285092412899997E-03   -0.7150397777918611E-05    0.9272853340995219E-06
 0.3453537351490618E-03   -0.7870417386961806E-05    0.1021178402054116E-05
 0.3630618646761771E-03   -0.8662657768430455E-05    0.1124457105989406E-05
 0.3816779094189163E-03   -0.9534322066178287E-05    0.1238062856823062E-05
 0.4012484191858008E-03   -0.1049332515158997E-04    0.1363029964812826E-05
 0.4218223304450712E-03   -0.1154836291696579E-04    0.1500494752019273E-05
 0.4434510886913474E-03   -0.1270898814994489E-04    0.1651705532942043E-05
 0.4661887770861622E-03   -0.1398569358785796E-04    0.1818033543492200E-05
 0.4900922516940355E-03   -0.1539000280114875E-04    0.2000984905315199E-05
 0.5152212836522509E-03   -0.1693456960878850E-04    0.2202213719837151E-05
 0.5416387086298322E-03   -0.1863328678601783E-04    0.2423536394294893E-05
 0.5694105839494456E-03   -0.2050140488589507E-04    0.2666947310449386E-05
 0.5986063537651136E-03   -0.2255566206107283E-04    0.2934635955686451E-05
 0.6292990227087730E-03   -0.2481442584104086E-04    0.3229005645802358E-05
 0.6615653384398801E-03   -0.2729784789268023E-04    0.3552693978953517E-05
 0.6954859835545361E-03   -0.3002803286832507E-04    0.3908595171028642E-05
 0.7311457773340025E-03   -0.3302922252556555E-04    0.4299884434080391E-05
 0.7686338878370852E-03   -0.3632799638636065E-04    0.4730044571406985E-05
 0.8080440548667263E-03   -0.3995349028943330E-04    0.5202894975385599E-05
 0.8494748243683396E-03   -0.4393763427893753E-04    0.5722623227190749E-05
 0.8930297948460028E-03   -0.4831541136332105E-04    0.6293819511023672E-05
 0.9388178764126811E-03   -0.5312513877041344E-04    0.6921514069358405E-05
 0.9869535631222379E-03   -0.5840877341702139E-04    0.7611217939872963E-05
 0.1037557219264207E-02   -0.6421224340247407E-04    0.8368967229061370E-05
 0.1090755380337209E-02   -0.7058580742399710E-04    0.9201371191840552E-05
 0.1146681069453613E-02   -0.7758444409562764E-04    0.1011566440057356E-04
 0.1205474129966599E-02   -0.8526827322940749E-04    0.1111976330058481E-04
 0.1267281575151388E-02   -0.9370301120485973E-04    0.1222232746213914E-04
 0.1332257955815003E-02   -0.1029604626070623E-03    0.1343282585062584E-04
 0.1400565746753787E-02   -0.1131190503510819E-03    0.1476160844688331E-04
 0.1472375753025026E-02   -0.1242643865264279E-03    0.1621998355773076E-04
 0.1547867537048561E-02   -0.1364898861841192E-03    0.1782030116218764E-04
 0.1627229867606365E-02   -0.1498974262446692E-03    0.1957604264085490E-04
 0.1710661191862824E-02   -0.1645980516202140E-03    0.2150191723366421E-04
 0.1798370131586015E-02   -0.1807127305098369E-03    0.2361396556366708E-04
 0.1890576004810793E-02   -0.1983731606339406E-03    0.2592967055062641E-04
 0.1987509374248114E-02   -0.2177226279098036E-03    0.2846807601654039E-04
 0.2089412623811908E-02   -0.2389169187236731E-03    0.3124991325440293E-04
 0.2196540564705118E-02   -0.2621252865099042E-03    0.3429773578976036E-04
 0.2309161072580428E-02   -0.2875314727879596E-03    0.3763606250997220E-04
 0.2427555757368930E-02   -0.3153347821151318E-03    0.4129152926640150E-04
 0.2552020667451633E-02   -0.3457512095651477E-03    0.4529304896749732E-04
 0.2682867029934619E-02   -0.3790146183162913E-03    0.4967198007315216E-04
 0.2820422028878922E-02   -0.4153779637020838E-03    0.5446230326973452E-04
 0.2965029623431102E-02   -0.4551145586125625E-03    0.5970080594743874E-04
 0.3117051407900273E-02   -0.4985193734028988E-03    0.6542727391328205E-04
 0.3276867515932217E-02   -0.5459103614345323E-03    0.7168468955019467E-04
 0.3444877571041508E-02   -0.5976297990020515E-03    0.7851943537077366E-04
 0.3621501685878449E-02   -0.6540456256477036E-03    0.8598150160876863E-04
 0.3807181512729525E-02   -0.7155527676899728E-03    0.9412469613720835E-04
 0.4002381347878166E-02   -0.7825744241467216E-03    0.1030068545941712E-03
 0.4207589292587296E-02   -0.8555632900702154E-03    0.1126900481301025E-03
 0.4423318473606734E-02   -0.9350026875808851E-03    0.1232407856591280E-03
 0.4650108326257341E-02   -0.1021407569539727E-02    0.1347302068955172E-03
 0.4888525943300301E-02   -0.1115325354788266E-02    0.1472342617804489E-03
 0.5139167492964413E-02   -0.1217336547164837E-02    0.1608338711490000E-03
 0.5402659709677190E-02   -0.1328055083035080E-02    0.1756150626487426E-03
 0.5679661461227380E-02   -0.1448128343821501E-02    0.1916690749972007E-03
 0.5970865396277627E-02   -0.1578236760961153E-02    0.2090924226538927E-03
 0.6276999676346912E-02   -0.1719092930851100E-02    0.2279869118842320E-03
 0.6598829796593634E-02   -0.1871440146675370E-02    0.2484595980102300E-03
 0.6937160499952235E-02   -0.2036050242581482E-02    0.2706226723821435E-03
 0.7292837789409701E-02   -0.2213720633557832E-02    0.2945932662749336E-03
 0.7666751043453704E-02   -0.2405270421667124E-02    0.3204931575268426E-03
 0.8059835239982070E-02   -0.2611535426174766E-02    0.3484483643130175E-03
 0.8473073294234534E-02   -0.2833361981791503E-02    0.3785886090075695E-03
 0.8907498516592817E-02   -0.3071599336016394E-02    0.4110466336634677E-03
 0.9364197196394806E-02   -0.3327090463792903E-02    0.4459573472681842E-03
 0.9844311318223727E-02   -0.3600661105846582E-02    0.4834567836579176E-03
 0.1034904141746443E-01   -0.3893106826747869E-02    0.5236808478493763E-03
 0.1087964958226718E-01   -0.4205177880647810E-02    0.5667638276376250E-03
 0.1143746260942544E-01   -0.4537561667641357E-02    0.6128366466840360E-03
 0.1202387532205893E-01   -0.4890862562849373E-02    0.6620248350642051E-03
 0.1264035405739798E-01   -0.5265578904799899E-02    0.7144461934561888E-03
 0.1328844033339037E-01   -0.5662076940957362E-02    0.7702081279336436E-03
 0.1396975470329914E-01   -0.6080561547926948E-02    0.8294046338044202E-03
 0.1468600080792988E-01   -0.6521043573840045E-02    0.8921129092411141E-03
 0.1543896963562008E-01   -0.6983303692801334E-02    0.9583895827349168E-03
 0.1623054400064294E-01   -0.7466852718412295E-02    0.1028266542839283E-02
 0.1706270325122367E-01   -0.7970888397828673E-02    0.1101746364440982E-02
 0.1793752821894113E-01   -0.8494248802354014E-02    0.1178797333121798E-02
 0.1885720642189058E-01   -0.9035362548069300E-02    0.1259348078281769E-02
 0.1982403753461838E-01   -0.9592196223491707E-02    0.1343281836862198E-02
 0.2084043913850618E-01   -0.1016219957352722E-01    0.1430430383008073E-02
 0.2190895276698367E-01   -0.1074224919286296E-01    0.1520567675181086E-02
 0.2303225026068591E-01   -0.1132859171950691E-01    0.1613403291386031E-02
 0.2421314044844671E-01   -0.1191678779208580E-01    0.1708575745659184E-02
 0.2545457617083370E-01   -0.1250165834304209E-01    0.1805645805075435E-02
 0.2675966166378783E-01   -0.1307723514299922E-01    0.1904089956518423E-02
 0.2813166032083016E-01   -0.1363671788600122E-01    0.2003294206427475E-02
 0.2957400285324549E-01   -0.1417244050524867E-01    0.2102548434612543E-02
 0.3109029586864752E-01   -0.1467584982504058E-01    0.2201041564620937E-02
 0.3268433088937651E-01   -0.1513750007351954E-01    0.2297857857243805E-02
 0.3436009383328007E-01   -0.1554706718432969E-01    0.2391974679211574E-02
 0.3612177498058387E-01   -0.1589338717980587E-01    0.2482262143902847E-02
 0.3797377945177492E-01   -0.1616452322425031E-01    0.2567485062130838E-02
 0.3992073822269722E-01   -0.1634786612757908E-01    0.2646307675040570E-02
 0.4196751970440363E-01   -0.1643027312559692E-01    0.2717301663196921E-02
 0.4411924191671926E-01   -0.1639824961674107E-01    0.2778957930596731E-02
 0.4638128528595697E-01   -0.1623817814595070E-01    0.2829702643504697E-02
 0.4875930609878561E-01   -0.1593659824268835E-01    0.2867917955359229E-02
 0.5125925064589297E-01   -0.1548053969171942E-01    0.2891967764465465E-02
 0.5388737009080979E-01   -0.1485791039733385E-01    0.2900228725750013E-02
 0.5665023610107465E-01   -0.1405793815921923E-01    0.2891126568233254E-02
 0.5955475728082583E-01   -0.1307166339103269E-01    0.2863177555545716E-02
 0.6260819644591026E-01   -0.1189247708006634E-01    0.2815034670676324E-02
 0.6581818878470604E-01   -0.1051669513210989E-01    0.2745537815226109E-02
 0.6919276095007051E-01   -0.8944156720862882E-02    0.2653766999029450E-02
 0.7274035113015324E-01   -0.7178830448273832E-02    0.2539097173441094E-02
 0.7646983014826163E-01   -0.5229408134434827E-02    0.2401253049231821E-02
 0.8039052364453982E-01   -0.3109862038886444E-02    0.2240361957820796E-02
 0.8451223539492653E-01   -0.8399374459407305E-03    0.2057002581815223E-02
 0.8884527182570151E-01    0.1554450967278325E-02    0.1852247214036446E-02
 0.9340046778491957E-01    0.4040953481072270E-02    0.1627695114947536E-02
 0.9818921363517440E-01    0.6580686955230858E-02    0.1385494532127129E-02
 0.1032234837354379E+00    0.9128341151198987E-02    0.1128351021759804E-02
 0.1085158663831950E+00    0.1163252652816644E-01    0.8595198667506274E-03
 0.1140795952917440E+00    0.1403639770870547E-01    0.5827806150762151E-03
 0.1199285826813733E+00    0.1627858188400556E-01    0.3023920664557162E-03
 0.1260774540671584E+00    0.1829443372037911E-01    0.2302642751825867E-04
 0.1325415848303679E+00    0.2001762745028186E-01   -0.2503181395170644E-03
 0.1393371386649252E+00    0.2138208250246287E-01   -0.5124266933844873E-03
 0.1464811079950624E+00    0.2232420119186711E-01   -0.7579976831964258E-03
 0.1539913564652325E+00    0.2278537591279186E-01   -0.9817922956016532E-03
 0.1618866636085246E+00    0.2271469966619961E-01   -0.1178799839563128E-02
 0.1701867718052788E+00    0.2207178881316214E-01   -0.1344414495040896E-02
 0.1789124356493201E+00    0.2082960241928429E-01   -0.1474617103266889E-02
 0.1880854738452541E+00    0.1897712062026103E-01   -0.1566154070208743E-02
 0.1977288237665927E+00    0.1652172755240710E-01   -0.1616704103195295E-02
 0.2078665988111361E+00    0.1349113501622573E-01   -0.1625022643379264E-02
 0.2185241486970266E+00    0.9934683323142299E-02   -0.1591053721618595E-02
 0.2297281228502490E+00    0.5923867219375027E-02   -0.1515999721273435E-02
 0.2415065370420756E+00    0.1551957981813968E-02   -0.1402341243466715E-02
 0.2538888434430882E+00   -0.3067372713209415E-02   -0.1253801869369712E-02
 0.2669060042689446E+00   -0.7802477203545761E-02   -0.1075255889554751E-02
 0.2805905692020456E+00   -0.1250720268540635E-01   -0.8725806945770382E-03
 0.2949767567826956E+00   -0.1702534991558916E-01   -0.6524591031055755E-03
 0.3101005399732767E+00   -0.2119600253485129E-01   -0.4221400679170164E-03
 0.3259997361093921E+00   -0.2485955191436945E-01   -0.1891686646307828E-03
 0.3427141014629037E+00   -0.2786418797508013E-01    0.3890209428352151E-04
 0.3602854306533192E+00   -0.3007257808686817E-01    0.2548042285247137E-03
 0.3787576611561113E+00   -0.3136841710930630E-01    0.4518389318195509E-03
 0.3981769831692922E+00   -0.3166250587382440E-01    0.6241385055318333E-03
 0.4185919551129680E+00   -0.3089800766756608E-01    0.7668932782336486E-03
 0.4400536250506819E+00   -0.2905454742031335E-01    0.8765316772390356E-03
 0.4626156583361626E+00   -0.2615086010947951E-01    0.9508431833884812E-03
 0.4863344718046623E+00   -0.2224576461370682E-01    0.9890363121378965E-03
 0.5112693748444305E+00   -0.1743733426083746E-01    0.9917271890668591E-03
 0.5374827177010773E+00   -0.1186024863467784E-01    0.9608586714005794E-03
 0.5650400473856650E+00   -0.5681431955241558E-02    0.8995549676152634E-03
 0.5940102715763773E+00    0.9058016677807402E-03    0.8119217330083143E-03
 0.6244658309236064E+00    0.7688779858013382E-02    0.7028059569827447E-03
 0.6564828801893130E+00    0.1444329828718113E-01    0.5775329448307038E-03
 0.6901414786735977E+00    0.2094183035882735E-01    0.4416388776172842E-03
 0.7255257904046520E+00    0.2696171810983938E-01    0.3006166553412387E-03
 0.7627242945926684E+00    0.3229298582768873E-01    0.1596901564414978E-03
 0.8018300068739527E+00    0.3674548764661038E-01    0.2362811169827722E-04
 0.8429407118984635E+00    0.4015518486926321E-01   -0.1033959075477922E-03
 0.8861592078423725E+00    0.4238943539762416E-01   -0.2178956921083560E-03
 0.9315935634570484E+00    0.4335125466014378E-01   -0.3171194002382181E-03
 0.9793573882972270E+00    0.4298256549216714E-01   -0.3990573172507498E-03
 0.1029570116804074E+01    0.4126648793512607E-01   -0.4624184227756148E-03
 0.1082357306953498E+01    0.3822872739355353E-01   -0.5065846269055630E-03
 0.1137850954216494E+01    0.3393810339729703E-01   -0.5315511926086200E-03
 0.1196189821616567E+01    0.2850622666111221E-01   -0.5378606509896979E-03
 0.1257519786709578E+01    0.2208628618998777E-01   -0.5265357883641911E-03
 0.1321994206353610E+01    0.1487085833863176E-01   -0.4990153766695322E-03
 0.1389774300181000E+01    0.7088603237349699E-02   -0.4570944945312132E-03
 0.1461029553731390E+01   -0.1000322353718165E-02   -0.4028697065240678E-03
 0.1535938142253860E+01   -0.9110326249612302E-02   -0.3386880984290207E-03
 0.1614687376237858E+01   -0.1693810232867316E-01   -0.2670982088752749E-03
 0.1697474169786987E+01   -0.2417216276647440E-01   -0.1908002340700121E-03
 0.1784505533006835E+01   -0.3050425608973423E-01   -0.1125925093261726E-03
 0.1875999089638066E+01   -0.3564262354789199E-01   -0.3531122052377553E-04
 0.1972183621229121E+01   -0.3932687135122087E-01    0.3823936516618021E-04
 0.2073299639209264E+01   -0.4134400865653031E-01    0.1053680603424436E-03
 0.2179599986292427E+01   -0.4154492800615919E-01    0.1635899000972155E-03
 0.2291350468715695E+01   -0.3986030359077488E-01    0.2107300065541153E-03
 0.2408830520893354E+01   -0.3631458253204896E-01    0.2450346082532829E-03
 0.2532333904148474E+01   -0.3103648724331423E-01    0.2652830491145308E-03
 0.2662169441269232E+01   -0.2426428590597414E-01    0.2708919992351231E-03
 0.2798661788726742E+01   -0.1634408360619070E-01    0.2620007942588914E-03
 0.2942152248485335E+01   -0.7719599423700665E-02    0.2395253178550665E-03
 0.3092999621435251E+01    0.1087624724992553E-02    0.2051675783618330E-03
 0.3251581104581752E+01    0.9507862810207096E-02    0.1613695725107550E-03
 0.3418293234234111E+01    0.1696191404127851E-01    0.1112035271273560E-03
 0.3593552877552928E+01    0.2290683563679255E-01    0.5819629349374142E-04
 0.3777798274935171E+01    0.2688529872041861E-01    0.6093314934273683E-05
 0.3971490135843438E+01    0.2857392462201706E-01   -0.4142349519779800E-04
 0.4175112790819585E+01    0.2782506487595268E-01   -0.8104064328640743E-04
 0.4389175402563355E+01    0.2469618799961393E-01   -0.1101099604753120E-03
 0.4614213239104344E+01    0.1946153016652684E-01   -0.1269026691050274E-03
 0.4850789012250877E+01    0.1260205300391201E-01   -0.1307864906088553E-03
 0.5099494284662639E+01    0.4771978190737348E-02   -0.1222980066106747E-03
 0.5360950949065451E+01   -0.3256985409431412E-02   -0.1030940731298978E-03
 0.5635812783307012E+01   -0.1066951133188668E-01   -0.7578140302734823E-04
 0.5924767085142062E+01   -0.1669153091417910E-01   -0.4364001835187273E-04
 0.6228536390834766E+01   -0.2067683342918156E-01   -0.1027129006441861E-04
 0.6547880281875716E+01   -0.2218500876939757E-01    0.2078786147887033E-04
 0.6883597284331323E+01   -0.2104058885627933E-01    0.4643813432901894E-04
 0.7236526865574901E+01   -0.1736487821403379E-01    0.6433367368985458E-04
 0.7607551533392368E+01   -0.1157484518019106E-01    0.7310384342024244E-04
 0.7997599042711387E+01   -0.4347238536886209E-02    0.7245703555161122E-04
 0.8407644715471930E+01    0.3449673289719302E-02    0.6315819937246599E-04
 0.8838713879439149E+01    0.1085021922795291E-01    0.4688781151450762E-04
 0.9291884432056865E+01    0.1690130989975794E-01    0.2600429149263195E-04
 0.9768289535752617E+01    0.2077596528962672E-01    0.3242595058916385E-05
 0.1026912045143399E+02    0.2187719738203767E-01   -0.1861230208515810E-04
 0.1079562951726135E+02    0.1991981505552625E-01   -0.3703758574792271E-04
 0.1134913328014559E+02    0.1498002438790150E-01   -0.5003531795514918E-04
 0.1193101578780117E+02    0.7506265436244308E-02   -0.5631904567827383E-04
 0.1254273204958628E+02   -0.1710912364979458E-02   -0.5540892308796586E-04
 0.1318581167478415E+02   -0.1160755574183736E-01   -0.4763223270965242E-04
 0.1386186269742300E+02   -0.2094700442690241E-01   -0.3403765283103986E-04
 0.1457257559719868E+02   -0.2844264798479501E-01   -0.1624073898697504E-04
 0.1531972752655444E+02   -0.3289067237234058E-01    0.3776132804892068E-05
 0.1610518675448773E+02   -0.3329992446322249E-01    0.2388400225179933E-04
 0.1693091733819582E+02   -0.2900650170074216E-01    0.4202362759695086E-04
 0.1779898403424185E+02   -0.1976222745330701E-01    0.5639755188472698E-04
 0.1871155746152166E+02   -0.5788515384379406E-02    0.6562296324075509E-04
 0.1967091952894174E+02    0.1221003725598129E-01    0.6883618682783070E-04
 0.2067946914138002E+02    0.3307490136479290E-01    0.6574506743045883E-04
 0.2173972819819762E+02    0.5526511486599142E-01    0.5662999261116992E-04
 0.2285434789930087E+02    0.7696725841213692E-01    0.4229767956789748E-04
 0.2402611537452199E+02    0.9623700920574393E-01    0.2399422422252704E-04
 0.2525796065289547E+02    0.1111623539286714E+00    0.3285600349146818E-05
 0.2655296398925679E+02    0.1200357765059029E+00   -0.1808485237892753E-04
 0.2791436356648396E+02    0.1215204995483190E+00   -0.3835116581840326E-04
 0.2934556359264142E+02    0.1147945486034943E+00   -0.5587976239562501E-04
 0.3085014281327337E+02    0.9965649845934953E-01   -0.6931197035270068E-04
 0.3243186346013171E+02    0.7657868636406008E-01   -0.7768114010433908E-04
 0.3409468065871507E+02    0.4669770228322438E-01   -0.8049256092737455E-04
 0.3584275231814270E+02    0.1173803537159270E-01   -0.7775703360052607E-04
 0.3768044952809305E+02   -0.2612760002221874E-01   -0.6997326270728182E-04
 0.3961236748880471E+02   -0.6446942648707991E-01   -0.5805989513804303E-04
 0.4164333700147059E+02   -0.1008237060189151E+00   -0.4324435802478723E-04
 0.4377843654775712E+02   -0.1329225271151395E+00   -0.2692163274779907E-04
 0.4602300498865372E+02   -0.1589026001854925E+00   -0.1050061309250539E-04
 0.4838265491440612E+02   -0.1774670866762713E+00    0.4742264725396196E-05
 0.5086328667891544E+02   -0.1879804258498784E+00    0.1778347625135690E-04
 0.5347110315369635E+02   -0.1904855673591249E+00    0.2793245431254657E-04
 0.5621262523828673E+02   -0.1856444178279962E+00    0.3486332971877960E-04
 0.5909470816589314E+02   -0.1746136363553166E+00    0.3859836131032701E-04
 0.6212455864504455E+02   -0.1588769388158567E+00    0.3945054844209879E-04
 0.6530975288011747E+02   -0.1400601616663720E+00    0.3793873133555122E-04
 0.6865825551579320E+02   -0.1197555902302751E+00    0.3469145011965869E-04
 0.7217843955281801E+02   -0.9937751173407944E-01    0.3035525590127178E-04
 0.7587910728486646E+02   -0.8006322747645513E-01    0.2552003277571295E-04
 0.7976951230886041E+02   -0.6262449148088700E-01    0.2066875774992996E-04
 0.8385938266378133E+02   -0.4754561097725994E-01    0.1615338916684917E-04
 0.8815894515583484E+02   -0.3501812123314130E-01    0.1219383022188336E-04
 0.9267895093079316E+02   -0.2499870994974388E-01    0.8893767029606921E-05
 0.9743070235745957E+02   -0.1727697586553496E-01    0.6266084190825981E-05
 0.1024260812894775E+03   -0.1154186199315061E-01    0.4261189743872550E-05
 0.1076775787761537E+03   -0.7439082336580370E-02    0.2793299634785154E-05
 0.1131983262965877E+03   -0.4615492565144110E-02    0.1761805624163456E-05
 0.1190021285952095E+03   -0.2749379442264352E-02    0.1066685520991530E-05
 0.1251034982008314E+03   -0.1567748133897293E-02    0.6182014870101802E-06
 0.1315176917155289E+03   -0.8528942989486021E-03    0.3418387049151836E-06
 0.1382607479640929E+03   -0.4410492670171666E-03    0.1796829156345105E-06
 0.1453495280994460E+03   -0.2159156479222572E-03    0.8941330189364720E-07
 0.1528017577643072E+03   -0.9961866069444881E-04    0.4193114143175992E-07
 0.1606360714145318E+03   -0.4310325679082345E-04    0.1843903314398947E-07
 0.1688720589149570E+03   -0.1739433790191556E-04    0.7561391041390437E-08
 0.1775303145242683E+03   -0.6506689153928521E-05    0.2873702528284112E-08
 0.1866324883913728E+03   -0.2240416906960643E-05    0.1005126383753500E-08
 0.1962013406920489E+03   -0.7043823415850026E-06    0.3209556676043615E-09
 0.2062607985412410E+03   -0.2002970945477036E-06    0.9268672840325553E-10
 0.2168360158233096E+03   -0.5092597134057606E-07    0.2393543487702057E-10
 0.2279534360898445E+03   -0.1137579770581488E-07    0.5470339508016325E-11
 0.2396408586823176E+03   -0.2218596878961165E-08    0.1075946516476816E-11
 0.2519275082449168E+03   -0.3650883124513319E-09    0.1783322309530439E-12
