 0.0000000000000000E+00    0.0000000000000000E+00    0.0000000000000000E+00
 0.1464888467886403E-08    0.6881779009133029E-12    0.1450996554213694E-06
 0.3004883373589934E-08    0.2895653553876119E-11    0.2976387292117806E-06
 0.4623835506522379E-08    0.5013089847640035E-11    0.4579986485142861E-06
 0.6325793090290573E-08    0.8929455440581831E-11    0.6265803966893639E-06
 0.8115011905364052E-08    0.1435879318204641E-10    0.8038055157980319E-06
 0.9995965930742960E-08    0.2159215566925844E-10    0.9901171609926553E-06
 0.1197335853123594E-07    0.3084129441418015E-10    0.1185981208332615E-05
 0.1405213421832203E-07    0.4237978290846037E-10    0.1391887419928884E-05
 0.1623749101400485E-07    0.5650975303717777E-10    0.1608350668480868E-05
 0.1853489344857512E-07    0.7357163772158166E-10    0.1835912224779307E-05
 0.2095008622478276E-07    0.9394581517520530E-10    0.2075141111142453E-05
 0.2348910858258601E-07    0.1180570772014416E-09    0.2326635524269705E-05
 0.2615830940039708E-07    0.1463791727148483E-09    0.2591024331040566E-05
 0.2896436307058510E-07    0.1794400863607207E-09    0.2868968641004099E-05
 0.3191428618893363E-07    0.2178278708068953E-09    0.3161163459491923E-05
 0.3501545509978486E-07    0.2621971511944876E-09    0.3468339425486771E-05
 0.3827562434074268E-07    0.3132763317709439E-09    0.3791264638592841E-05
 0.4170294603305579E-07    0.3718755853617727E-09    0.4130746579675787E-05
 0.4530599026616714E-07    0.4388957007494828E-09    0.4487634129974838E-05
 0.4909376652740141E-07    0.5153378783770235E-09    0.4862819693735600E-05
 0.5307574623037623E-07    0.6023145729035721E-09    0.5257241429670881E-05
 0.5726188639846966E-07    0.7010614928638996E-09    0.5671885596829066E-05
 0.6166265456256494E-07    0.8129508791926127E-09    0.6107789020735435E-05
 0.6628905493533010E-07    0.9395061976260736E-09    0.6566041685972677E-05
 0.7115265592748138E-07    0.1082418394213319E-08    0.7047789461682731E-05
 0.7626561907483577E-07    0.1243563879064112E-08    0.7554236966804553E-05
 0.8164072944848522E-07    0.1425024420877690E-08    0.8086650582211596E-05
 0.8729142762413383E-07    0.1629109154102818E-08    0.8646361617280010E-05
 0.9323184329053795E-07    0.1858378921869245E-08    0.9234769638804626E-05
 0.9947683058108790E-07    0.2115673201374198E-08    0.9853345970585511E-05
 0.1060420052168787E-06    0.2404139884416339E-08    0.1050363737243449E-04
 0.1129437835541465E-06    0.2727268214515363E-08    0.1118726990779943E-04
 0.1201994236337104E-06    0.3088925213825631E-08    0.1190595300967544E-04
 0.1278270683350633E-06    0.3493395968162614E-08    0.1266148375496767E-04
 0.1358457907430214E-06    0.3945428177268540E-08    0.1345575135799126E-04
 0.1442756418403704E-06    0.4450281420331916E-08    0.1429074189434155E-04
 0.1531377006457672E-06    0.5013781634179998E-08    0.1516854326694312E-04
 0.1624541269222654E-06    0.5642381353953136E-08    0.1609135042669133E-04
 0.1722482165882662E-06    0.6343226323975500E-08    0.1706147086073603E-04
 0.1825444599694479E-06    0.7124229150532745E-08    0.1808133036212540E-04
 0.1933686030373371E-06    0.7994150738999500E-08    0.1915347909523058E-04
 0.2047477117876480E-06    0.8962690335931898E-08    0.2028059797211058E-04
 0.2167102399193693E-06    0.1004058508313966E-07    0.2146550535575277E-04
 0.2292860999838330E-06    0.1123972008623943E-07    0.2271116410694069E-04
 0.2425067381816732E-06    0.1257325010572601E-07    0.2402068899235808E-04
 0.2564052129947074E-06    0.1405573409523315E-07    0.2539735447243983E-04
 0.2710162778493604E-06    0.1570328394056193E-07    0.2684460288842747E-04
 0.2863764680183328E-06    0.1753372889551902E-07    0.2836605306908326E-04
 0.3025241919778125E-06    0.1956679736805699E-07    0.2996550937856107E-04
 0.3194998274486721E-06    0.2182431788421920E-07    0.3164697122803624E-04
 0.3373458223618025E-06    0.2433044124970160E-07    0.3341464307484673E-04
 0.3561068010000500E-06    0.2711188614138011E-07    0.3527294493411670E-04
 0.3758296755821676E-06    0.3019821059603563E-07    0.3722652342910724E-04
 0.3965637635677972E-06    0.3362211212309306E-07    0.3928026340788021E-04
 0.4183609109768069E-06    0.3741975945506613E-07    0.4143930015527068E-04
 0.4412756220313464E-06    0.4163115926643755E-07    0.4370903223064177E-04
 0.4653651954447920E-06    0.4630056154206898E-07    0.4609513496345236E-04
 0.4906898676983756E-06    0.5147690766343092E-07    0.4860357464029978E-04
 0.5173129636637640E-06    0.5721432570883263E-07    0.5124062341881648E-04
 0.5453010549482219E-06    0.6357267793669353E-07    0.5401287500560031E-04
 0.5747241263583063E-06    0.7061816594344485E-07    0.5692726113725114E-04
 0.6056557508983357E-06    0.7842399956510512E-07    0.5999106890557336E-04
 0.6381732737412239E-06    0.8707113622968638E-07    0.6321195897008981E-04
 0.6723580056316995E-06    0.9664909817273526E-07    0.6659798470320282E-04
 0.7082954262055200E-06    0.1072568757075049E-06    0.7015761231563748E-04
 0.7460753977330867E-06    0.1190039256022740E-06    0.7389974201221375E-04
 0.7857923898219268E-06    0.1320112745687279E-06    0.7783373023052691E-04
 0.8275457156399195E-06    0.1464127389165837E-06    0.8196941301776998E-04
 0.8714397802499461E-06    0.1623562725912057E-06    0.8631713060371848E-04
 0.9175843416769288E-06    0.1800054570943925E-06    0.9088775323081734E-04
 0.9660947853600637E-06    0.1995411482065319E-06    0.9569270830537231E-04
 0.1017092412676520E-05    0.2211632959950141E-06    0.1007440089370557E-03
 0.1070704744258067E-05    0.2450929563246673E-06    0.1060542839372984E-03
 0.1127065838859076E-05    0.2715745139981992E-06    0.1116368093506578E-03
 0.1186316628573230E-05    0.3008781397670602E-06    0.1175055415969384E-03
 0.1248605271237174E-05    0.3333025057867059E-06    0.1236751523056922E-03
 0.1314087520902274E-05    0.3691777866678836E-06    0.1301610649287629E-03
 0.1382927117300871E-05    0.4088689761227250E-06    0.1369794932207391E-03
 0.1455296195280908E-05    0.4527795523490425E-06    0.1441474816815950E-03
 0.1531375715232703E-05    0.5013555287691760E-06    0.1516829480603763E-03
 0.1611355915584188E-05    0.5550899305749701E-06    0.1596047280235799E-03
 0.1695436788496068E-05    0.6145277417655099E-06    0.1679326220968662E-03
 0.1783828579946393E-05    0.6802713720401280E-06    0.1766874449939257E-03
 0.1876752315455018E-05    0.7529866980718711E-06    0.1858910774517224E-03
 0.1974440352762524E-05    0.8334097393847487E-06    0.1955665206969316E-03
 0.2077136962845610E-05    0.9223540353492706E-06    0.2057379536741960E-03
 0.2185098940721755E-05    0.1020718796750557E-05    0.2164307931728286E-03
 0.2298596247570535E-05    0.1129497913045935E-05    0.2276717569947911E-03
 0.2417912685777177E-05    0.1249789904875825E-05    0.2394889303131695E-03
 0.2543346608586357E-05    0.1382808920717440E-05    0.2519118353769329E-03
 0.2675211666140708E-05    0.1529896886846351E-05    0.2649715047244910E-03
 0.2813837589769559E-05    0.1692536931108903E-05    0.2787005580754413E-03
 0.2959571016489000E-05    0.1872368213498968E-05    0.2931332830768791E-03
 0.3112776355774981E-05    0.2071202310301816E-05    0.3083057200877261E-03
 0.3273836700776816E-05    0.2291041313733110E-05    0.3242557511916486E-03
 0.3443154786249595E-05    0.2534097825703330E-05    0.3410231936362564E-03
 0.3621153995600854E-05    0.2802817042723029E-05    0.3586498979033391E-03
 0.3808279419569616E-05    0.3099901149194261E-05    0.3771798506218124E-03
 0.4004998969185085E-05    0.3428336258582176E-05    0.3966592825417706E-03
 0.4211804545787937E-05    0.3791422166416612E-05    0.4171367817944298E-03
 0.4429213271039894E-05    0.4192805205939073E-05    0.4386634126686973E-03
 0.4657768779997231E-05    0.4636514526703608E-05    0.4612928401404837E-03
 0.4898042580481593E-05    0.5127002148793251E-05    0.4850814603954803E-03
 0.5150635482147220E-05    0.5669187180774114E-05    0.5100885375898067E-03
 0.5416179098818047E-05    0.6268504628339069E-05    0.5363763470953930E-03
 0.5695337427851240E-05    0.6930959263066314E-05    0.5640103254779946E-03
 0.5988808510476464E-05    0.7663185067122005E-05    0.5930592274549537E-03
 0.6297326177262543E-05    0.8472510820364985E-05    0.6235952900768991E-03
 0.6621661883076117E-05    0.9367032451465631E-05    0.6556944043720419E-03
 0.6962626636120645E-05    0.1035569283463030E-04    0.6894362946831005E-03
 0.7321073025879346E-05    0.1144836977861962E-04    0.7249047059145518E-03
 0.7697897355033002E-05    0.1265597302524091E-04    0.7621875988912105E-03
 0.8094041880683526E-05    0.1399055115062939E-04    0.8013773540073014E-03
 0.8510497170487513E-05    0.1546540934461522E-04    0.8425709833172580E-03
 0.8948304579591345E-05    0.1709523913144536E-04    0.8858703511845063E-03
 0.9408558854561478E-05    0.1889626118914300E-04    0.9313824035612271E-03
 0.9892410870821081E-05    0.2088638252477782E-04    0.9792194059191990E-03
 0.1040107051043806E-04    0.2308536936865943E-04    0.1029499189787813E-02
 0.1093580968746044E-04    0.2551503726152115E-04    0.1082345407778462E-02
 0.1149796552836397E-04    0.2819945992442239E-04    0.1137887796882741E-02
 0.1208894371556481E-04    0.3116519862031820E-04    0.1196262449723223E-02
 0.1271022200235775E-04    0.3444155383752159E-04    0.1257612093307333E-02
 0.1336335390806918E-04    0.3806084124657504E-04    0.1322086374684588E-02
 0.1404997260266460E-04    0.4205869400059114E-04    0.1389842152732028E-02
 0.1477179499052420E-04    0.4647439356129859E-04    0.1461043795089038E-02
 0.1553062600359813E-04    0.5135123133411154E-04    0.1535863479027327E-02
 0.1632836311467648E-04    0.5673690347947612E-04    0.1614481494771199E-02
 0.1716700108205966E-04    0.6268394132677961E-04    0.1697086549473511E-02
 0.1804863693749314E-04    0.6925017984149204E-04    0.1783876069700376E-02
 0.1897547522983911E-04    0.7649926657359764E-04    0.1875056499879053E-02
 0.1994983353759693E-04    0.8450121343046205E-04    0.1970843593715677E-02
 0.2097414826405659E-04    0.9333299345089820E-04    0.2071462695090083E-02
 0.2205098072957594E-04    0.1030791844857398E-03    0.2177149004383075E-02
 0.2318302357621577E-04    0.1138326612845100E-03    0.2288147825587664E-02
 0.2437310750074745E-04    0.1256953369120080E-03    0.2404714788903925E-02
 0.2562420833286936E-04    0.1387789536290325E-03    0.2527116042824045E-02
 0.2693945447633111E-04    0.1532059223146368E-03    0.2655628408992940E-02
 0.2832213473157248E-04    0.1691102081184901E-03    0.2790539492399676E-02
 0.2977570651943756E-04    0.1866382582326633E-03    0.2932147738745474E-02
 0.3130380452652774E-04    0.2059499653679782E-03    0.3080762430186755E-02
 0.3291024979381145E-04    0.2272196575974738E-03    0.3236703610124967E-02
 0.3459905927121687E-04    0.2506371015528626E-03    0.3400301927388417E-02
 0.3637445586209909E-04    0.2764085013675889E-03    0.3571898390132126E-02
 0.3824087898269810E-04    0.3047574700609744E-03    0.3751844020212000E-02
 0.4020299566299177E-04    0.3359259430267735E-03    0.3940499399855558E-02
 0.4226571221670179E-04    0.3701749946629469E-03    0.4138234104394909E-02
 0.4443418650963349E-04    0.4077855086524935E-03    0.4345426017957688E-02
 0.4671384085702703E-04    0.4490586396282090E-03    0.4562460533721759E-02
 0.4911037558216980E-04    0.4943159885336690E-03    0.4789729647121147E-02
 0.5162978327017385E-04    0.5438993954965042E-03    0.5027630959853479E-02
 0.5427836375256006E-04    0.5981702320046052E-03    0.5276566625422982E-02
 0.5706273986011834E-04    0.6575080481847586E-03    0.5536942284140140E-02
 0.5998987398343435E-04    0.7223084006876399E-03    0.5809166058006262E-02
 0.6306708548249245E-04    0.7929796520084579E-03    0.6093647704855053E-02
 0.6630206898888816E-04    0.8699384935398348E-03    0.6390798067620118E-02
 0.6970291364641513E-04    0.9536039040598547E-03    0.6701028999535116E-02
 0.7327812333813805E-04    0.1044389217121334E-02    0.7024753999644962E-02
 0.7703663795052979E-04    0.1142691944759251E-02    0.7362389853710058E-02
 0.8098785572784418E-04    0.1248881011775621E-02    0.7714359638311028E-02
 0.8514165677262189E-04    0.1363281137238592E-02    0.8081097497985705E-02
 0.8950842775109324E-04    0.1486154342673747E-02    0.8463055618853580E-02
 0.9409908786525382E-04    0.1617679131976861E-02    0.8860713741010625E-02
 0.9892511615655710E-04    0.1757929058092052E-02    0.9274591271124951E-02
 0.1039985802094972E-03    0.1906854559699033E-02    0.9705261407663627E-02
 0.1093321663268559E-03    0.2064275338801640E-02    0.1015336549246283E-01
 0.1149392112520675E-03    0.2229894156272177E-02    0.1061962412938626E-01
 0.1208337355180243E-03    0.2403342598088232E-02    0.1110484043143288E-01
 0.1270304785057119E-03    0.2584258328728086E-02    0.1160989224197850E-01
 0.1335449353003386E-03    0.2772372192341408E-02    0.1213571550003823E-01
 0.1403933954371200E-03    0.2967571048669547E-02    0.1268328638585316E-01
 0.1475929836336018E-03    0.3169916453709310E-02    0.1325360960913913E-01
 0.1551617026103730E-03    0.3379626792611605E-02    0.1384771475354600E-01
 0.1631184781072453E-03    0.3597044032667011E-02    0.1446665811032907E-01
 0.1714832062074601E-03    0.3822601667608185E-02    0.1511152673268113E-01
 0.1802768030882603E-03    0.4056800744830530E-02    0.1578344269994391E-01
 0.1895212573222279E-03    0.4300194555651960E-02    0.1648356680758762E-01
 0.1992396848601690E-03    0.4553380170126796E-02    0.1721310155797408E-01
 0.2094563868330313E-03    0.4816994685151949E-02    0.1797329357543685E-01
 0.2201969103173893E-03    0.5091714479371443E-02    0.1876543561724759E-01
 0.2314881122164428E-03    0.5378256304185697E-02    0.1959086832730116E-01
 0.2433582264162638E-03    0.5677379485724894E-02    0.2045098183546709E-01
 0.2558369343852183E-03    0.5989888823037359E-02    0.2134721726654962E-01
 0.2689554393930972E-03    0.6316637966897535E-02    0.2228106819317667E-01
 0.2827465445355445E-03    0.6658533180186830E-02    0.2325408204759216E-01
 0.2972447347588821E-03    0.7016537445744255E-02    0.2426786149528908E-01
 0.3124862630904384E-03    0.7391674921400589E-02    0.2532406576645198E-01
 0.3285092412899997E-03    0.7785035759137834E-02    0.2642441193701551E-01
 0.3453537351490618E-03    0.8197781314279460E-02    0.2757067614859079E-01
 0.3630618646761771E-03    0.8631149775626791E-02    0.2876469475446672E-01
 0.3816779094189163E-03    0.9086462251235928E-02    0.3000836537732791E-01
 0.4012484191858008E-03    0.9565129347394754E-02    0.3130364786243862E-01
 0.4218223304450712E-03    0.1006865828166671E-01    0.3265256510846495E-01
 0.4434510886913474E-03    0.1059866057373108E-01    0.3405720375596174E-01
 0.4661887770861622E-03    0.1115686036129395E-01    0.3551971471164508E-01
 0.4900922516940355E-03    0.1174510339163908E-01    0.3704231348415488E-01
 0.5152212836522509E-03    0.1236536674319173E-01    0.3862728030464392E-01
 0.5416387086298322E-03    0.1301976933525359E-01    0.4027696000280265E-01
 0.5694105839494456E-03    0.1371058328815444E-01    0.4199376160607023E-01
 0.5986063537651136E-03    0.1444024620026928E-01    0.4378015762664792E-01
 0.6292990227087730E-03    0.1521137441273977E-01    0.4563868299757313E-01
 0.6615653384398801E-03    0.1602677733726210E-01    0.4757193361548659E-01
 0.6954859835545361E-03    0.1688947292694652E-01    0.4958256444383467E-01
 0.7311457773340025E-03    0.1780270437497985E-01    0.5167328712607307E-01
 0.7686338878370852E-03    0.1876995813059023E-01    0.5384686705397120E-01
 0.8080440548667263E-03    0.1979498332656934E-01    0.5610611983134426E-01
 0.8494748243683396E-03    0.2088181271728613E-01    0.5845390706845893E-01
 0.8930297948460028E-03    0.2203478523064731E-01    0.6089313143695821E-01
 0.9388178764126811E-03    0.2325857024172561E-01    0.6342673090943081E-01
 0.9869535631222379E-03    0.2455819367967002E-01    0.6605767210171119E-01
 0.1037557219264207E-02    0.2593906608289331E-01    0.6878894262963967E-01
 0.1090755380337209E-02    0.2740701272023331E-01    0.7162354238535168E-01
 0.1146681069453613E-02    0.2896830589761027E-01    0.7456447363121364E-01
 0.1205474129966599E-02    0.3062969957042144E-01    0.7761472980230689E-01
 0.1267281575151388E-02    0.3239846638125517E-01    0.8077728290090934E-01
 0.1332257955815003E-02    0.3428243724015483E-01    0.8405506935878516E-01
 0.1400565746753787E-02    0.3629004356025376E-01    0.8745097423531531E-01
 0.1472375753025026E-02    0.3843036225471001E-01    0.9096781361166030E-01
 0.1547867537048561E-02    0.4071316359101045E-01    0.9460831503332391E-01
 0.1627229867606365E-02    0.4314896198532722E-01    0.9837509584579217E-01
 0.1710661191862824E-02    0.4574906980205690E-01    0.1022706392604747E+00
 0.1798370131586015E-02    0.4852565420122815E-01    0.1062972679811401E+00
 0.1890576004810793E-02    0.5149179704829898E-01    0.1104571152145793E+00
 0.1987509374248114E-02    0.5466155786604925E-01    0.1147520928835767E+00
 0.2089412623811908E-02    0.5805003976575748E-01    0.1191838568556563E+00
 0.2196540564705118E-02    0.6167345824344915E-01    0.1237537689977933E+00
 0.2309161072580428E-02    0.6554921266541130E-01    0.1284628558656810E+00
 0.2427555757368930E-02    0.6969596019390931E-01    0.1333117638365819E+00
 0.2552020667451633E-02    0.7413369181751249E-01    0.1383007104977363E+00
 0.2682867029934619E-02    0.7888381004884314E-01    0.1434294321082296E+00
 0.2820422028878922E-02    0.8396920773397297E-01    0.1486971269617052E+00
 0.2965029623431102E-02    0.8941434727997905E-01    0.1541023944909847E+00
 0.3117051407900273E-02    0.9524533944806340E-01    0.1596431699742327E+00
 0.3276867515932217E-02    0.1014900206766932E+00    0.1653166547265664E+00
 0.3444877571041508E-02    0.1081780276898523E+00    0.1711192416918415E+00
 0.3621501685878449E-02    0.1153408679070051E+00    0.1770464363876920E+00
 0.3807181512729525E-02    0.1230119839009695E+00    0.1830927732038221E+00
 0.4002381347878166E-02    0.1312268098447497E+00    0.1892517271101726E+00
 0.4207589292587296E-02    0.1400228175456842E+00    0.1955156208991280E+00
 0.4423318473606734E-02    0.1494395492823221E+00    0.2018755281656975E+00
 0.4650108326257341E-02    0.1595186342337657E+00    0.2083211723229524E+00
 0.4888525943300301E-02    0.1703037848206740E+00    0.2148408220583667E+00
 0.5139167492964413E-02    0.1818407687600841E+00    0.2214211837615356E+00
 0.5402659709677190E-02    0.1941773520717773E+00    0.2280472915964997E+00
 0.5679661461227380E-02    0.2073632076621562E+00    0.2347023960540661E+00
 0.5970865396277627E-02    0.2214497834538421E+00    0.2413678520023825E+00
 0.6276999676346912E-02    0.2364901233284151E+00    0.2480230074589463E+00
 0.6598829796593634E-02    0.2525386334108753E+00    0.2546450945351890E+00
 0.6937160499952235E-02    0.2696507854550628E+00    0.2612091242566076E+00
 0.7292837789409701E-02    0.2878827483000161E+00    0.2676877872375268E+00
 0.7666751043453704E-02    0.3072909375724332E+00    0.2740513624898836E+00
 0.8059835239982070E-02    0.3279314730288057E+00    0.2802676369692380E+00
 0.8473073294234534E-02    0.3498595321864363E+00    0.2863018388070209E+00
 0.8907498516592817E-02    0.3731285882155735E+00    0.2921165875433346E+00
 0.9364197196394806E-02    0.3977895194924312E+00    0.2976718650557318E+00
 0.9844311318223727E-02    0.4238895777901100E+00    0.3029250112711389E+00
 0.1034904141746443E-01    0.4514712018654910E+00    0.3078307491435736E+00
 0.1087964958226718E-01    0.4805706632491036E+00    0.3123412437705539E+00
 0.1143746260942544E-01    0.5112165314366086E+00    0.3164062008948407E+00
 0.1202387532205893E-01    0.5434279465011018E+00    0.3199730103812013E+00
 0.1264035405739798E-01    0.5772126884930683E+00    0.3229869405534203E+00
 0.1328844033339037E-01    0.6125650349795464E+00    0.3253913895034357E+00
 0.1396975470329914E-01    0.6494634008168408E+00    0.3271281996198424E+00
 0.1468600080792988E-01    0.6878677578842588E+00    0.3281380415949697E+00
 0.1543896963562008E-01    0.7277168371668248E+00    0.3283608740330522E+00
 0.1623054400064294E-01    0.7689251214105576E+00    0.3277364844490987E+00
 0.1706270325122367E-01    0.8113796437207847E+00    0.3262051168949239E+00
 0.1793752821894113E-01    0.8549366160785962E+00    0.3237081906124519E+00
 0.1885720642189058E-01    0.8994179219203916E+00    0.3201891129719505E+00
 0.1982403753461838E-01    0.9446075187696313E+00    0.3155941884372079E+00
 0.2084043913850618E-01    0.9902478104688507E+00    0.3098736233859759E+00
 0.2190895276698367E-01    0.1036036063846074E+01    0.3029826242486513E+00
 0.2303225026068591E-01    0.1081620961580773E+01    0.2948825835901707E+00
 0.2421314044844671E-01    0.1126599401450266E+01    0.2855423454246980E+00
 0.2545457617083370E-01    0.1170513671754263E+01    0.2749395372220232E+00
 0.2675966166378783E-01    0.1212849153116735E+01    0.2630619517581866E+00
 0.2813166032083016E-01    0.1253032717473276E+01    0.2499089572308549E+00
 0.2957400285324549E-01    0.1290432015112597E+01    0.2354929089846130E+00
 0.3109029586864752E-01    0.1324355859200563E+01    0.2198405308933979E+00
 0.3268433088937651E-01    0.1354055933115773E+01    0.2029942290871351E+00
 0.3436009383328007E-01    0.1378730057796494E+01    0.1850132954917137E+00
 0.3612177498058387E-01    0.1397527262570516E+01    0.1659749538158544E+00
 0.3797377945177492E-01    0.1409554901850121E+01    0.1459751964479231E+00
 0.3992073822269722E-01    0.1413888049725833E+01    0.1251293575192538E+00
 0.4196751970440363E-01    0.1409581382863386E+01    0.1035723654774839E+00
 0.4411924191671926E-01    0.1395683727170580E+01    0.8145861820877821E-01
 0.4638128528595697E-01    0.1371255393443235E+01    0.5896142537281118E-01
 0.4875930609878561E-01    0.1335388359801899E+01    0.3627196644736160E-01
 0.5125925064589297E-01    0.1287229272624559E+01    0.1359771927717101E-01
 0.5388737009080979E-01    0.1226005131767485E+01   -0.8839677116028533E-02
 0.5665023610107465E-01    0.1151051399652500E+01   -0.3080714991468842E-01
 0.5955475728082583E-01    0.1061842127673260E+01   -0.5206351980325676E-01
 0.6260819644591026E-01    0.9580215288357852E+00   -0.7236342017207525E-01
 0.6581818878470604E-01    0.8394362455834803E+00   -0.9146177945798503E-01
 0.6919276095007051E-01    0.7061673711556889E+00   -0.1091188141133660E+00
 0.7274035113015324E-01    0.5585610886387807E+00   -0.1251054531352228E+00
 0.7646983014826163E-01    0.3972566037285465E+00   -0.1392090860286734E+00
 0.8039052364453982E-01    0.2232098777123414E+00   -0.1512394951374141E+00
 0.8451223539492653E-01    0.3771153187589407E-01   -0.1610348014519417E+00
 0.8884527182570151E-01   -0.1576027881329527E+00   -0.1684672218712104E+00
 0.9340046778491957E-01   -0.3607513090089924E+00   -0.1734484076443476E+00
 0.9818921363517440E-01   -0.5694159236800274E+00   -0.1759341112890119E+00
 0.1032234837354379E+00   -0.7809643191101351E+00   -0.1759279161907039E+00
 0.1085158663831950E+00   -0.9924855447040187E+00   -0.1734837632658801E+00
 0.1140795952917440E+00   -0.1200839658489831E+01   -0.1687070263347049E+00
 0.1199285826813733E+00   -0.1402721480918276E+01   -0.1617539253326272E+00
 0.1260774540671584E+00   -0.1594737756289366E+01   -0.1528291258230381E+00
 0.1325415848303679E+00   -0.1773496200155270E+01   -0.1421814538880770E+00
 0.1393371386649252E+00   -0.1935704043725286E+01   -0.1300977540072754E+00
 0.1464811079950624E+00   -0.2078272832577773E+01   -0.1168950276803218E+00
 0.1539913564652325E+00   -0.2198425464538396E+01   -0.1029111034231985E+00
 0.1618866636085246E+00   -0.2293800829722392E+01   -0.8849419388163360E-01
 0.1701867718052788E+00   -0.2362551007667905E+01   -0.7399178255626279E-01
 0.1789124356493201E+00   -0.2403425832262067E+01   -0.5973934204248179E-01
 0.1880854738452541E+00   -0.2415839786493253E+01   -0.4604941196565698E-01
 0.1977288237665927E+00   -0.2399916647953171E+01   -0.3320155637840040E-01
 0.2078665988111361E+00   -0.2356508066297859E+01   -0.2143367994767607E-01
 0.2185241486970266E+00   -0.2287183296186972E+01   -0.1093511577307411E-01
 0.2297281228502490E+00   -0.2194188605324489E+01   -0.1841812489426923E-02
 0.2415065370420756E+00   -0.2080376392714331E+01    0.5766148937624558E-02
 0.2538888434430882E+00   -0.1949105743396148E+01    0.1186458351356691E-01
 0.2669060042689446E+00   -0.1804117951349623E+01    0.1648276251778887E-01
 0.2805905692020456E+00   -0.1649392370369687E+01    0.1969861285224432E-01
 0.2949767567826956E+00   -0.1488989670678689E+01    0.2163179143805818E-01
 0.3101005399732767E+00   -0.1326891009923279E+01    0.2243500577273044E-01
 0.3259997361093921E+00   -0.1166842562240752E+01    0.2228408425713651E-01
 0.3427141014629037E+00   -0.1012215078479592E+01    0.2136741415601169E-01
 0.3602854306533192E+00   -0.8658875099309669E+00    0.1987544056587844E-01
 0.3787576611561113E+00   -0.7301621499141558E+00    0.1799093590670238E-01
 0.3981769831692922E+00   -0.6067163042996089E+00    0.1588069177831835E-01
 0.4185919551129680E+00   -0.4965924206459050E+00    0.1368915108276876E-01
 0.4400536250506819E+00   -0.4002252469144121E+00    0.1153430075738691E-01
 0.4626156583361626E+00   -0.3175013912662160E+00    0.9505910946662279E-02
 0.4863344718046623E+00   -0.2478440437568699E+00    0.7665970286459436E-02
 0.5112693748444305E+00   -0.1903139356114883E+00    0.6050965121655408E-02
 0.5374827177010773E+00   -0.1437170308389971E+00    0.4675511237390247E-02
 0.5650400473856650E+00   -0.1067099609957490E+00    0.3536784844323517E-02
 0.5940102715763773E+00   -0.7789564886133538E-01    0.2619214438861786E-02
 0.6244658309236064E+00   -0.5590362203010216E-01    0.1898972732304524E-02
 0.6564828801893130E+00   -0.3945184257533343E-01    0.1347925738741083E-02
 0.6901414786735977E+00   -0.2738914007543667E-01    0.9368296243855821E-03
 0.7255257904046520E+00   -0.1871926708723419E-01    0.6376932319973345E-03
 0.7627242945926684E+00   -0.1260903038524237E-01    0.4253296791028211E-03
 0.8018300068739527E+00   -0.8383821509370715E-02    0.2781957849694790E-03
 0.8429407118984635E+00   -0.5514198234284948E-02    0.1786616673815361E-03
 0.8861592078423725E+00   -0.3597040752005494E-02    0.1128679868004559E-03
 0.9315935634570484E+00   -0.2334346156796369E-02    0.7032126649454809E-04
 0.9793573882972270E+00   -0.1512067740017345E-02    0.4335587041861616E-04
 0.1029570116804074E+01   -0.9806786239312936E-03    0.2656171162142482E-04
 0.1082357306953498E+01   -0.6384463466142077E-03    0.1624559062940331E-04
 0.1137850954216494E+01   -0.4178188513400383E-03    0.9965628071087885E-05
 0.1196189821616567E+01   -0.2748821094597450E-03    0.6155246211942996E-05
 0.1257519786709578E+01   -0.1815639187822418E-03    0.3836676842676377E-05
 0.1321994206353610E+01   -0.1201121396498568E-03    0.2413866581030952E-05
 0.1389774300181000E+01   -0.7933884632078837E-04    0.1529898023786756E-05
 0.1461029553731390E+01   -0.5215898770410592E-04    0.9732052514106182E-06
 0.1535938142253860E+01   -0.3402943209054957E-04    0.6184448819329266E-06
 0.1614687376237858E+01   -0.2198475218920651E-04    0.3906152441457483E-06
 0.1697474169786987E+01   -0.1405164904505917E-04    0.2439738254950574E-06
 0.1784505533006835E+01   -0.8894854732395714E-05    0.1499352586144049E-06
 0.1875999089638066E+01   -0.5600668017425743E-05    0.9019744660656505E-07
 0.1972183621229121E+01   -0.3541185073373695E-05    0.5281421513244147E-07
 0.2073299639209264E+01   -0.2286060352297145E-05    0.2989782200844752E-07
 0.2179599986292427E+01   -0.1542995212087822E-05    0.1622348225550657E-07
 0.2291350468715695E+01   -0.1116362769923249E-05    0.8345007779919354E-08
 0.2408830520893354E+01   -0.8778775341420656E-06    0.4013161887559779E-08
 0.2532333904148474E+01   -0.7456312621295883E-06    0.1783270546915844E-08
 0.2662169441269232E+01   -0.6691230510384593E-06    0.7471344221297639E-09
 0.2798661788726742E+01   -0.6186536904752174E-06    0.3494712448913680E-09
 0.2942152248485335E+01   -0.5779109658742733E-06    0.2629206637308783E-09
 0.3092999621435251E+01   -0.5388785986446643E-06    0.3038585808458818E-09
 0.3251581104581752E+01   -0.4984209320509221E-06    0.3765726049808770E-09
 0.3418293234234111E+01   -0.4560590344232002E-06    0.4369825040663253E-09
 0.3593552877552928E+01   -0.4125782564176293E-06    0.4696620990817541E-09
 0.3777798274935171E+01   -0.3692023492898642E-06    0.4737627057399328E-09
 0.3971490135843438E+01   -0.3271419996608404E-06    0.4547674931160977E-09
 0.4175112790819585E+01   -0.2873809907271729E-06    0.4199604192976771E-09
 0.4389175402563355E+01   -0.2506049961607192E-06    0.3761769984902554E-09
 0.4614213239104344E+01   -0.2172091207016434E-06    0.3288885367491867E-09
 0.4850789012250877E+01   -0.1873430223725983E-06    0.2820111957651349E-09
 0.5099494284662639E+01   -0.1609686100143942E-06    0.2380645512562778E-09
 0.5360950949065451E+01   -0.1379163941339718E-06    0.1984613597317710E-09
 0.5635812783307012E+01   -0.1179338477021552E-06    0.1638109949743350E-09
 0.5924767085142062E+01   -0.1007235570509449E-06    0.1341832977654324E-09
 0.6228536390834766E+01   -0.8597147250387838E-07    0.1093134802418850E-09
 0.6547880281875716E+01   -0.7336664903453841E-07    0.8875145542980534E-10
 0.6883597284331323E+01   -0.6261431359522765E-07    0.7196247108368041E-10
 0.7236526865574901E+01   -0.5344389315305521E-07    0.5839280161235042E-10
 0.7607551533392368E+01   -0.4561339217410806E-07    0.4751077540294144E-10
 0.7997599042711387E+01   -0.3891126106127864E-07    0.3882686995220459E-10
 0.8407644715471930E+01   -0.3315621637178726E-07    0.3191231797495790E-10
 0.8838713879439149E+01   -0.2819613903401751E-07    0.2639190546332152E-10
 0.9291884432056865E+01   -0.2390536478818246E-07    0.2196354794341313E-10
 0.9768289535752617E+01   -0.2018236029305037E-07    0.1836629925551739E-10
 0.1026912045143399E+02   -0.1694552827436223E-07    0.1541550635278182E-10
 0.1079562951726135E+02   -0.1413081454328318E-07    0.1294383789183301E-10
 0.1134913328014559E+02   -0.1168685526567167E-07    0.1085844378337287E-10
 0.1193101578780117E+02   -0.9573283815435703E-08    0.9059539160585488E-11
 0.1254273204958628E+02   -0.7756146477211055E-08    0.7511788508632034E-11
 0.1318581167478415E+02   -0.6207075587427143E-08    0.6162232228605765E-11
 0.1386186269742300E+02   -0.4900093963943263E-08    0.4995270585900660E-11
 0.1457257559719868E+02   -0.3810938072926937E-08    0.3996653619453518E-11
 0.1531972752655444E+02   -0.2916591070553206E-08    0.3133354191273231E-11
 0.1610518675448773E+02   -0.2193101639406168E-08    0.2436318760703827E-11
 0.1693091733819582E+02   -0.1619364496298697E-08    0.1822153869438512E-11
 0.1779898403424185E+02   -0.1171149274836397E-08    0.1383898268273851E-11
 0.1871155746152166E+02   -0.8306392490060593E-09    0.9632291570589429E-12
 0.1967091952894174E+02   -0.5744473653285704E-09    0.7322563323988686E-12
 0.2067946914138002E+02   -0.3898937165906561E-09    0.4485806845686288E-12
 0.2173972819819762E+02   -0.2558495613094231E-09    0.3648188779539709E-12
 0.2285434789930087E+02   -0.1662475891608039E-09    0.1577400392670442E-12
