 0.0000000000000000E+00    0.0000000000000000E+00    0.0000000000000000E+00
 0.1464888467886403E-08    0.3053185750836753E-31   -0.1386976293051677E-36
 0.3004883373589934E-08    0.5405619458099324E-30   -0.5037140881579533E-35
 0.4623835506522379E-08    0.3030878952652408E-29   -0.8540196890483851E-35
 0.6325793090290573E-08    0.1061758223107573E-28   -0.4674800551290598E-34
 0.8115011905364052E-08    0.2875577650827836E-28   -0.1607034137078571E-33
 0.9995965930742960E-08    0.6620166776126422E-28   -0.4560782808295186E-33
 0.1197335853123594E-07    0.1362807876876911E-27   -0.1124478699802196E-32
 0.1405213421832203E-07    0.2585475189859069E-27   -0.2503715279525163E-32
 0.1623749101400485E-07    0.4609430590178097E-27   -0.5157828193863319E-32
 0.1853489344857512E-07    0.7825862755871767E-27   -0.9995911970175302E-32
 0.2095008622478276E-07    0.1277365889502818E-26   -0.1844169472735864E-31
 0.2348910858258601E-07    0.2018544637156151E-26   -0.3267415215654517E-31
 0.2615830940039708E-07    0.3104638466325567E-26   -0.5596544373752422E-31
 0.2896436307058510E-07    0.4666898792750786E-26   -0.9315184736106723E-31
 0.3191428618893363E-07    0.6878806339445993E-26   -0.1512854703209426E-30
 0.3501545509978486E-07    0.9968084719786726E-26   -0.2405306450964503E-30
 0.3827562434074268E-07    0.1423186516712894E-25   -0.3753902252068120E-30
 0.4170294603305579E-07    0.2005578613918128E-25   -0.5763751250511394E-30
 0.4530599026616714E-07    0.2793799967110349E-25   -0.8722675084759966E-30
 0.4909376652740141E-07    0.3851928859417901E-25   -0.1303176784271365E-29
 0.5307574623037623E-07    0.5262078524301486E-25   -0.1924651606335890E-29
 0.5726188639846966E-07    0.7129113552649416E-25   -0.2813195079324038E-29
 0.6166265456256494E-07    0.9586538755963496E-25   -0.4073640420179009E-29
 0.6628905493533010E-07    0.1280384202505632E-24   -0.5848988327499619E-29
 0.7115265592748138E-07    0.1699563873819268E-24   -0.8333495531151762E-29
 0.7626561907483577E-07    0.2243304651214146E-24   -0.1179004975950645E-28
 0.8164072944848522E-07    0.2945781902504251E-24   -0.1657318695639389E-28
 0.8729142762413383E-07    0.3849989052701669E-24   -0.2315952441336072E-28
 0.9323184329053795E-07    0.5009913370995532E-24   -0.3218792759172796E-28
 0.9947683058108790E-07    0.6493231922593887E-24   -0.4451243639919254E-28
 0.1060420052168787E-06    0.8384649315961056E-24   -0.6127189723906365E-28
 0.1129437835541465E-06    0.1079002687735574E-23   -0.8398144325907026E-28
 0.1201994236337104E-06    0.1384148726174899E-23   -0.1146525183675036E-27
 0.1278270683350633E-06    0.1770372070260224E-23   -0.1559501561011025E-27
 0.1358457907430214E-06    0.2258177087664528E-23   -0.2113988384747838E-27
 0.1442756418403704E-06    0.2873064187375955E-23   -0.2856516484310200E-27
 0.1531377006457672E-06    0.3646714566097221E-23   -0.3848418196460846E-27
 0.1624541269222654E-06    0.4618450495092678E-23   -0.5170414726164907E-27
 0.1722482165882662E-06    0.5837034349190790E-23   -0.6928596848402428E-27
 0.1825444599694479E-06    0.7362883933880481E-23   -0.9262215642273997E-27
 0.1933686030373371E-06    0.9270799257797625E-23   -0.1235382309122562E-26
 0.2047477117876480E-06    0.1165331745271327E-22   -0.1644246158737028E-26
 0.2167102399193693E-06    0.1462483895011354E-22   -0.2184080713069462E-26
 0.2292860999838330E-06    0.1832670036988762E-22   -0.2895743683577392E-26
 0.2425067381816732E-06    0.2293340919263890E-22   -0.3832573467701046E-26
 0.2564052129947074E-06    0.2866030379977847E-22   -0.5064139267775482E-26
 0.2710162778493604E-06    0.3577296186501347E-22   -0.6681103691769469E-26
 0.2863764680183328E-06    0.4459875280121061E-22   -0.8801524607731377E-26
 0.3025241919778125E-06    0.5554101898477607E-22   -0.1157901827773926E-25
 0.3194998274486721E-06    0.6909647943608849E-22   -0.1521332865469032E-25
 0.3373458223618025E-06    0.8587658298079928E-22   -0.1996400614944345E-25
 0.3561068010000500E-06    0.1066337010962762E-21   -0.2616810341877497E-25
 0.3758296755821676E-06    0.1322932503155967E-21   -0.3426305898381327E-25
 0.3965637635677972E-06    0.1639930783554853E-21   -0.4481627875094429E-25
 0.4183609109768069E-06    0.2031317470026998E-21   -0.5856336263422191E-25
 0.4412756220313464E-06    0.2514277103974646E-21   -0.7645748660206752E-25
 0.4653651954447920E-06    0.3109918345599360E-21   -0.9973317578838748E-25
 0.4906898676983756E-06    0.3844162509902278E-21   -0.1299886383881606E-24
 0.5173129636637640E-06    0.4748832061490703E-21   -0.1692920328072656E-24
 0.5453010549482219E-06    0.5862983867480877E-21   -0.2203185890143284E-24
 0.5747241263583063E-06    0.7234542012343984E-21   -0.2865274983599450E-24
 0.6056557508983357E-06    0.8922297212073255E-21   -0.3723900517500286E-24
 0.6381732737412239E-06    0.1099835482331264E-20   -0.4836838079001702E-24
 0.6723580056316995E-06    0.1355113173196680E-20   -0.6278718222298212E-24
 0.7082954262055200E-06    0.1668902476576146E-20   -0.8145914337851324E-24
 0.7460753977330867E-06    0.2054490061112518E-20   -0.1056284140835741E-23
 0.7857923898219268E-06    0.2528159063241388E-20   -0.1369007143411880E-23
 0.8275457156399195E-06    0.3109861484218409E-20   -0.1773478768865093E-23
 0.8714397802499461E-06    0.3824040920616642E-20   -0.2296424964742271E-23
 0.9175843416769288E-06    0.4700639150350569E-20   -0.2972313293274411E-23
 0.9660947853600637E-06    0.5776327556717858E-20   -0.3845585616441736E-23
 0.1017092412676520E-05    0.7096013491379121E-20   -0.4973532491506625E-23
 0.1070704744258067E-05    0.8714682821707755E-20   -0.6429993223877660E-23
 0.1127065838859076E-05    0.1069965352828032E-19   -0.8310118142767848E-23
 0.1186316628573230E-05    0.1313333186394582E-19   -0.1073649731073386E-22
 0.1248605271237174E-05    0.1611658292828960E-19   -0.1386704683670464E-22
 0.1314087520902274E-05    0.1977285237066440E-19   -0.1790515574048398E-22
 0.1382927117300871E-05    0.2425320631346550E-19   -0.2311273999057184E-22
 0.1455296195280908E-05    0.2974249370935438E-19   -0.2982703499724764E-22
 0.1531375715232703E-05    0.3646688070752419E-19   -0.3848219516849314E-22
 0.1611355915584188E-05    0.4470306203229830E-19   -0.4963707413180112E-22
 0.1695436788496068E-05    0.5478952210491519E-19   -0.6401095116534924E-22
 0.1783828579946393E-05    0.6714030139368809E-19   -0.8252947302803382E-22
 0.1876752315455018E-05    0.8226182459075147E-19   -0.1063837275354190E-21
 0.1974440352762524E-05    0.1007734707556673E-18   -0.1371061967521243E-21
 0.2077136962845610E-05    0.1234327165096198E-18   -0.1766684060353679E-21
 0.2185098940721755E-05    0.1511658677829693E-18   -0.2276064577671849E-21
 0.2298596247570535E-05    0.1851056209336416E-18   -0.2931824020155183E-21
 0.2417912685777177E-05    0.2266369693282491E-18   -0.3775916617358053E-21
 0.2543346608586357E-05    0.2774533077841019E-18   -0.4862296402305825E-21
 0.2675211666140708E-05    0.3396249981332616E-18   -0.6260343767601925E-21
 0.2813837589769559E-05    0.4156831611102990E-18   -0.8059269178652089E-21
 0.2959571016489000E-05    0.5087220729634697E-18   -0.1037377239414178E-20
 0.3112776355774981E-05    0.6225242942940172E-18   -0.1335131475768396E-20
 0.3273836700776816E-05    0.7617135737485083E-18   -0.1718146386097086E-20
 0.3443154786249595E-05    0.9319416870998927E-18   -0.2210790053569854E-20
 0.3621153995600854E-05    0.1140116737872657E-17   -0.2844384592237172E-20
 0.3808279419569616E-05    0.1394682113859259E-17   -0.3659188183223189E-20
 0.4004998969185085E-05    0.1705957331647953E-17   -0.4706941429744076E-20
 0.4211804545787937E-05    0.2086554490478180E-17   -0.6054138546449670E-20
 0.4429213271039894E-05    0.2551887097315428E-17   -0.7786229511955754E-20
 0.4657768779997231E-05    0.3120791739071097E-17   -0.1001301787500671E-19
 0.4898042580481593E-05    0.3816287614476558E-17   -0.1287559408538801E-19
 0.5150635482147220E-05    0.4666504479334169E-17   -0.1655524073039215E-19
 0.5416179098818047E-05    0.5705816327072279E-17   -0.2128486993861099E-19
 0.5695337427851240E-05    0.6976226393271676E-17   -0.2736371221571671E-19
 0.5988808510476464E-05    0.8529059169707715E-17   -0.3517618004235929E-19
 0.6297326177262543E-05    0.1042702744538874E-16   -0.4521609143996340E-19
 0.6621661883076117E-05    0.1274675745351074E-16   -0.5811777474056911E-19
 0.6962626636120645E-05    0.1558187359792179E-16   -0.7469600693451967E-19
 0.7321073025879346E-05    0.1904676669774360E-16   -0.9599729106930629E-19
 0.7697897355033002E-05    0.2328119712423607E-16   -0.1233656876457340E-18
 0.8094041880683526E-05    0.2845591770860135E-16   -0.1585273248881935E-18
 0.8510497170487513E-05    0.3477954221461901E-16   -0.2036988796155700E-18
 0.8948304579591345E-05    0.4250693513328927E-16   -0.2617268165001615E-18
 0.9408558854561478E-05    0.5194945956688655E-16   -0.3362660913049340E-18
 0.9892410870821081E-05    0.6348749446673366E-16   -0.4320094816280519E-18
 0.1040107051043806E-04    0.7758572345028430E-16   -0.5549818581819009E-18
 0.1093580968746044E-04    0.9481180848267574E-16   -0.7129177442751813E-18
 0.1149796552836397E-04    0.1158591973002007E-15   -0.9157456783095197E-18
 0.1208894371556481E-04    0.1415749789888652E-15   -0.1176209509643770E-17
 0.1271022200235775E-04    0.1729939042115999E-15   -0.1510665225299201E-17
 0.1336335390806918E-04    0.2113799332556392E-15   -0.1940102737902172E-17
 0.1404997260266460E-04    0.2582769761695070E-15   -0.2491455919340818E-17
 0.1477179499052420E-04    0.3155708567562024E-15   -0.3199281874346107E-17
 0.1553062600359813E-04    0.3855649806931462E-15   -0.4107913075186999E-17
 0.1632836311467648E-04    0.4710727353699690E-15   -0.5274214871921788E-17
 0.1716700108205966E-04    0.5755303168825666E-15   -0.6771117764381814E-17
 0.1804863693749314E-04    0.7031344944562269E-15   -0.8692140842468497E-17
 0.1897547522983911E-04    0.8590108166352953E-15   -0.1115718271682921E-16
 0.1994983353759693E-04    0.1049418976153944E-14   -0.1431993254206751E-16
 0.2097414826405659E-04    0.1282003529339443E-14   -0.1837735075361648E-16
 0.2205098072957594E-04    0.1566099969462940E-14   -0.2358179239964865E-16
 0.2318302357621577E-04    0.1913108352582125E-14   -0.3025650235424441E-16
 0.2437310750074745E-04    0.2336949355461598E-14   -0.3881540988235722E-16
 0.2562420833286936E-04    0.2854620913184293E-14   -0.4978840075388792E-16
 0.2693945447633111E-04    0.3486877566914124E-14   -0.6385356173437003E-16
 0.2832213473157248E-04    0.4259059505421049E-14   -0.8187829131996659E-16
 0.2977570651943756E-04    0.5202104196512167E-14   -0.1049716723116675E-15
 0.3130380452652774E-04    0.6353780706309570E-14   -0.1345511309766715E-15
 0.3291024979381145E-04    0.7760195574829521E-14   -0.1724271940568373E-15
 0.3459905927121687E-04    0.9477629795226518E-14   -0.2209111346021633E-15
 0.3637445586209909E-04    0.1157477944424435E-13   -0.2829515129097753E-15
 0.3824087898269810E-04    0.1413548833475056E-13   -0.3623071190029641E-15
 0.4020299566299177E-04    0.1726208031793939E-13   -0.4637656640979159E-15
 0.4226571221670179E-04    0.2107942229509025E-13   -0.5934198120843097E-15
 0.4443418650963349E-04    0.2573987750997774E-13   -0.7590148530707243E-15
 0.4671384085702703E-04    0.3142934338345383E-13   -0.9703855626809270E-15
 0.4911037558216980E-04    0.3837461036319702E-13   -0.1240003615922036E-14
 0.5162978327017385E-04    0.4685232963302596E-13   -0.1583661361592193E-14
 0.5427836375256006E-04    0.5719994006309926E-13   -0.2021322794189027E-14
 0.5706273986011834E-04    0.6982898094503273E-13   -0.2578178086161598E-14
 0.5998987398343435E-04    0.8524130987116671E-13   -0.3285943833734995E-14
 0.6306708548249245E-04    0.1040488583208199E-12   -0.4184456790015582E-14
 0.6630206898888816E-04    0.1269976957364474E-12   -0.5323613571809919E-14
 0.6970291364641513E-04    0.1549973418637442E-12   -0.6765711464320362E-14
 0.7327812333813805E-04    0.1891564740706588E-12   -0.8588244278612129E-14
 0.7703663795052979E-04    0.2308264302242411E-12   -0.1088719986294871E-13
 0.8098785572784418E-04    0.2816542196973595E-12   -0.1378088946470577E-13
 0.8514165677262189E-04    0.3436471391014762E-12   -0.1741431119327840E-13
 0.8950842775109324E-04    0.4192515623398205E-12   -0.2196401090355246E-13
 0.9409908786525382E-04    0.5114490564030486E-12   -0.2764336434095075E-13
 0.9892511615655710E-04    0.6238736864169215E-12   -0.3470819970593707E-13
 0.1039985802094972E-03    0.7609552351744519E-12   -0.4346279653757238E-13
 0.1093321663268559E-03    0.9280940851283838E-12   -0.5426669667791450E-13
 0.1149392112520675E-03    0.1131874696471162E-11   -0.6754362432240234E-13
 0.1208337355180243E-03    0.1380325981758216E-11   -0.8379500730002053E-13
 0.1270304785057119E-03    0.1683238534904667E-11   -0.1036211459834743E-12
 0.1335449353003386E-03    0.2052550861138443E-11   -0.1277515825812178E-12
 0.1403933954371200E-03    0.2502819671857632E-11   -0.1570832420580094E-12
 0.1475929836336018E-03    0.3051792891700261E-11   -0.1927236577882558E-12
 0.1551617026103730E-03    0.3721108154259058E-11   -0.2360386058465325E-12
 0.1631184781072453E-03    0.4537144400444899E-11   -0.2887063747992395E-12
 0.1714832062074601E-03    0.5532060093527703E-11   -0.3527823488553205E-12
 0.1802768030882603E-03    0.6745058837204289E-11   -0.4307777653179149E-12
 0.1895212573222279E-03    0.8223932096222935E-11   -0.5257564707788759E-12
 0.1992396848601690E-03    0.1002693959413431E-10   -0.6414537624769520E-12
 0.2094563868330313E-03    0.1222510121236464E-10   -0.7824220282438351E-12
 0.2201969103173893E-03    0.1490499035351203E-10   -0.9542088431159188E-12
 0.2314881122164428E-03    0.1817213838938651E-10   -0.1163574416730079E-11
 0.2433582264162638E-03    0.2215518375818467E-10   -0.1418756824688431E-11
 0.2558369343852183E-03    0.2701092843944306E-10   -0.1729795339632876E-11
 0.2689554393930972E-03    0.3293050005711290E-10   -0.2108924466546466E-11
 0.2827465445355445E-03    0.4014686112422880E-10   -0.2571054065228120E-11
 0.2972447347588821E-03    0.4894395963158398E-10   -0.3134354316433333E-11
 0.3124862630904384E-03    0.5966787934735747E-10   -0.3820968387211671E-11
 0.3285092412899997E-03    0.7274042632901292E-10   -0.4657880634887481E-11
 0.3453537351490618E-03    0.8867568328779466E-10   -0.5677974251753080E-11
 0.3630618646761771E-03    0.1081001792819032E-09   -0.6921319629150642E-11
 0.3816779094189163E-03    0.1317774632382382E-09   -0.8436743695739120E-11
 0.4012484191858008E-03    0.1606380414772634E-09   -0.1028374140701706E-10
 0.4218223304450712E-03    0.1958158483846813E-09   -0.1253480385259411E-10
 0.4434510886913474E-03    0.2386926737157055E-09   -0.1527825361566797E-10
 0.4661887770861622E-03    0.2909522795546820E-09   -0.1862169768689979E-10
 0.4900922516940355E-03    0.3546463166243123E-09   -0.2269623215697072E-10
 0.5152212836522509E-03    0.4322746079565329E-09   -0.2766156200496375E-10
 0.5416387086298322E-03    0.5268829255361356E-09   -0.3371223467608552E-10
 0.5694105839494456E-03    0.6421820638348822E-09   -0.4108522915294848E-10
 0.5986063537651136E-03    0.7826928391963870E-09   -0.5006919450914578E-10
 0.6292990227087730E-03    0.9539226474223838E-09   -0.6101569548147393E-10
 0.6615653384398801E-03    0.1162580432034915E-08   -0.7435289982105257E-10
 0.6954859835545361E-03    0.1416838399147092E-08   -0.9060223601028089E-10
 0.7311457773340025E-03    0.1726650618227921E-08   -0.1103986639101341E-09
 0.7686338878370852E-03    0.2104140839926778E-08   -0.1345153393310803E-09
 0.8080440548667263E-03    0.2564074525789845E-08   -0.1638936216113043E-09
 0.8494748243683396E-03    0.3124433321131082E-08   -0.1996795773489620E-09
 0.8930297948460028E-03    0.3807114133942929E-08   -0.2432683811121581E-09
 0.9388178764126811E-03    0.4638779757941548E-08   -0.2963583144898671E-09
 0.9869535631222379E-03    0.5651893776447675E-08   -0.3610164294386922E-09
 0.1037557219264207E-02    0.6885979523610449E-08   -0.4397583840565007E-09
 0.1090755380337209E-02    0.8389151424219994E-08   -0.5356454950329922E-09
 0.1146681069453613E-02    0.1021997740225252E-07   -0.6524027008547153E-09
 0.1205474129966599E-02    0.1244974362759966E-07   -0.7945619172488013E-09
 0.1267281575151388E-02    0.1516520812730250E-07   -0.9676362201497860E-09
 0.1332257955815003E-02    0.1847194828679338E-07   -0.1178331446429565E-08
 0.1400565746753787E-02    0.2249842969057533E-07   -0.1434803200656230E-08
 0.1472375753025026E-02    0.2740095092467508E-07   -0.1746968947751408E-08
 0.1547867537048561E-02    0.3336965188008099E-07   -0.2126886917423086E-08
 0.1627229867606365E-02    0.4063581295770018E-07   -0.2589216019863116E-08
 0.1710661191862824E-02    0.4948072082871701E-07   -0.3151773961449557E-08
 0.1798370131586015E-02    0.6024643479409111E-07   -0.3836214359877103E-08
 0.1890576004810793E-02    0.7334885841425441E-07   -0.4668848017291156E-08
 0.1987509374248114E-02    0.8929360647341238E-07   -0.5681638770042464E-08
 0.2089412623811908E-02    0.1086952605432628E-06   -0.6913410677327056E-08
 0.2196540564705118E-02    0.1323007310730316E-06   -0.8411310957064348E-08
 0.2309161072580428E-02    0.1610175944449891E-06   -0.1023258228773259E-07
 0.2427555757368930E-02    0.1959484550623410E-06   -0.1244670918249492E-07
 0.2552020667451633E-02    0.2384326015912081E-06   -0.1513801648049394E-07
 0.2682867029934619E-02    0.2900964905189680E-06   -0.1840881403532787E-07
 0.2820422028878922E-02    0.3529149082605220E-06   -0.2238320094330525E-07
 0.2965029623431102E-02    0.4292850459492630E-06   -0.2721166577563387E-07
 0.3117051407900273E-02    0.5221161816915182E-06   -0.3307664700949339E-07
 0.3276867515932217E-02    0.6349382188235543E-06   -0.4019925108298920E-07
 0.3444877571041508E-02    0.7720329939043326E-06   -0.4884736528247180E-07
 0.3621501685878449E-02    0.9385930665841658E-06   -0.5934545025419856E-07
 0.3807181512729525E-02    0.1140913660968946E-05   -0.7208635378728300E-07
 0.4002381347878166E-02    0.1386624575308253E-05   -0.8754555537499315E-07
 0.4207589292587296E-02    0.1684970250055847E-05   -0.1062983319652009E-06
 0.4423318473606734E-02    0.2047147826445869E-05   -0.1290404316498027E-06
 0.4650108326257341E-02    0.2486714989237551E-05   -0.1566129566166793E-06
 0.4888525943300301E-02    0.3020081727672542E-05   -0.1900322927646922E-06
 0.5139167492964413E-02    0.3667102937777745E-05   -0.2305260847678557E-06
 0.5402659709677190E-02    0.4451792108698388E-05   -0.2795764464866594E-06
 0.5679661461227380E-02    0.5403180281271631E-05   -0.3389718225735236E-06
 0.5970865396277627E-02    0.6556349149799486E-05   -0.4108691837973348E-06
 0.6276999676346912E-02    0.7953672727130521E-05   -0.4978685527834442E-06
 0.6598829796593634E-02    0.9646308558204704E-05   -0.6031022262620404E-06
 0.6937160499952235E-02    0.1169598722051136E-04   -0.7303414933316280E-06
 0.7292837789409701E-02    0.1417715798936174E-04   -0.8841241566166474E-06
 0.7666751043453704E-02    0.1717955929769798E-04   -0.1069906755695579E-05
 0.8059835239982070E-02    0.2081129524161451E-04   -0.1294246082246423E-05
 0.8473073294234534E-02    0.2520251416478717E-04   -0.1565015377754467E-05
 0.8907498516592817E-02    0.3050980262449219E-04   -0.1891661532390842E-05
 0.9364197196394806E-02    0.3692142816351180E-04   -0.2285510674033398E-05
 0.9844311318223727E-02    0.4466358768934958E-04   -0.2760130766616112E-05
 0.1034904141746443E-01    0.5400784533670085E-04   -0.3331761245033393E-05
 0.1087964958226718E-01    0.6527997493954223E-04   -0.4019821317935072E-05
 0.1143746260942544E-01    0.7887045817650933E-04   -0.4847510387791997E-05
 0.1202387532205893E-01    0.9524693061380886E-04   -0.5842516086183276E-05
 0.1264035405739798E-01    0.1149689148046429E-03   -0.7037847715477938E-05
 0.1328844033339037E-01    0.1387052328626222E-03   -0.8472815436055818E-05
 0.1396975470329914E-01    0.1672545510354971E-03   -0.1019417834503238E-04
 0.1468600080792988E-01    0.2015695762390836E-03   -0.1225748765375991E-04
 0.1543896963562008E-01    0.2427854996535269E-03   -0.1472865447136628E-04
 0.1623054400064294E-01    0.2922533655799233E-03   -0.1768577520946014E-04
 0.1706270325122367E-01    0.3515791348493823E-03   -0.2122125128896235E-04
 0.1793752821894113E-01    0.4226693109374859E-03   -0.2544424358013573E-04
 0.1885720642189058E-01    0.5077841029655107E-03   -0.3048350573873669E-04
 0.1982403753461838E-01    0.6095992118884003E-03   -0.3649064417801202E-04
 0.2084043913850618E-01    0.7312774426928256E-03   -0.4364385566152453E-04
 0.2190895276698367E-01    0.8765514639116453E-03   -0.5215219619413061E-04
 0.2303225026068591E-01    0.1049819152825119E-02   -0.6226043675699006E-04
 0.2421314044844671E-01    0.1256253075855769E-02   -0.7425456215338294E-04
 0.2545457617083370E-01    0.1501925753015523E-02   -0.8846796842631905E-04
 0.2675966166378783E-01    0.1793952435385239E-02   -0.1052884115419166E-03
 0.2813166032083016E-01    0.2140653176207555E-02   -0.1251657548156858E-03
 0.2957400285324549E-01    0.2551735987849776E-02   -0.1486205543525330E-03
 0.3109029586864752E-01    0.3038502834852752E-02   -0.1762535099886906E-03
 0.3268433088937651E-01    0.3614080101080544E-02   -0.2087557932343748E-03
 0.3436009383328007E-01    0.4293674967289442E-02   -0.2469202428466254E-03
 0.3612177498058387E-01    0.5094858821831761E-02   -0.2916533921931146E-03
 0.3797377945177492E-01    0.6037878376117340E-02   -0.3439882597232721E-03
 0.3992073822269722E-01    0.7145994539172822E-02   -0.4050977937898337E-03
 0.4196751970440363E-01    0.8445848290624598E-02   -0.4763088148040102E-03
 0.4411924191671926E-01    0.9967851744911480E-02   -0.5591162401655828E-03
 0.4638128528595697E-01    0.1174660128657641E-01   -0.6551973093251005E-03
 0.4875930609878561E-01    0.1382130804272075E-01   -0.7664254462798216E-03
 0.5125925064589297E-01    0.1623623901287607E-01   -0.8948833032276525E-03
 0.5388737009080979E-01    0.1904115987414544E-01   -0.1042874420471385E-02
 0.5665023610107465E-01    0.2229176780760138E-01   -0.1212932812743186E-02
 0.5955475728082583E-01    0.2605009965562919E-01   -0.1407829650440998E-02
 0.6260819644591026E-01    0.3038489734978153E-01   -0.1630576046853174E-02
 0.6581818878470604E-01    0.3537190890976979E-01   -0.1884420792777963E-02
 0.6919276095007051E-01    0.4109409951516148E-01   -0.2172841705186588E-02
 0.7274035113015324E-01    0.4764174335328517E-01   -0.2499529088940970E-02
 0.7646983014826163E-01    0.5511236336966466E-01   -0.2868359668598830E-02
 0.8039052364453982E-01    0.6361048297154723E-01   -0.3283359256769400E-02
 0.8451223539492653E-01    0.7324715149655159E-01   -0.3748652419283240E-02
 0.8884527182570151E-01    0.8413920423288110E-01   -0.4268397514342629E-02
 0.9340046778491957E-01    0.9640821835334008E-01   -0.4846705763882855E-02
 0.9818921363517440E-01    0.1101791286638458E+00   -0.5487543498121646E-02
 0.1032234837354379E+00    0.1255784718523118E+00   -0.6194617424376193E-02
 0.1085158663831950E+00    0.1427322351079259E+00   -0.6971243712332786E-02
 0.1140795952917440E+00    0.1617632945354867E+00   -0.7820202831087761E-02
 0.1199285826813733E+00    0.1827884404763228E+00   -0.8743583348188838E-02
 0.1260774540671584E+00    0.2059150002252578E+00   -0.9742619192515031E-02
 0.1325415848303679E+00    0.2312370831157160E+00   -0.1081752603621047E-01
 0.1393371386649252E+00    0.2588314879167422E+00   -0.1196734328757159E-01
 0.1464811079950624E+00    0.2887533274701855E+00   -0.1318978853347140E-01
 0.1539913564652325E+00    0.3210314403534883E+00   -0.1448113099751772E-01
 0.1618866636085246E+00    0.3556636744573756E+00   -0.1583608964748756E-01
 0.1701867718052788E+00    0.3926121436996644E+00   -0.1724776007787298E-01
 0.1789124356493201E+00    0.4317985781786102E+00   -0.1870757244335254E-01
 0.1880854738452541E+00    0.4730999116722741E+00   -0.2020528089818320E-01
 0.1977288237665927E+00    0.5163442799826251E+00   -0.2172898366757163E-01
 0.2078665988111361E+00    0.5613076395902611E+00   -0.2326517250560426E-01
 0.2185241486970266E+00    0.6077112568319923E+00   -0.2479881122838783E-01
 0.2297281228502490E+00    0.6552203589457394E+00   -0.2631344534909407E-01
 0.2415065370420756E+00    0.7034442721977252E+00   -0.2779134831906345E-01
 0.2538888434430882E+00    0.7519383882232825E+00   -0.2921371381101757E-01
 0.2669060042689446E+00    0.8002082850696760E+00   -0.3056090679521924E-01
 0.2805905692020456E+00    0.8477162718704082E+00   -0.3181278754812130E-01
 0.2949767567826956E+00    0.8938905165324721E+00   -0.3294912091405713E-01
 0.3101005399732767E+00    0.9381367519155283E+00   -0.3395007720694766E-01
 0.3259997361093921E+00    0.9798523450681744E+00   -0.3479682091726014E-01
 0.3427141014629037E+00    0.1018442274787618E+01   -0.3547216970725539E-01
 0.3602854306533192E+00    0.1053336324207618E+01   -0.3596129093115143E-01
 0.3787576611561113E+00    0.1084006593256992E+01   -0.3625238885636619E-01
 0.3981769831692922E+00    0.1109984307178065E+01   -0.3633732598354072E-01
 0.4185919551129680E+00    0.1130874871128478E+01   -0.3621211909304708E-01
 0.4400536250506819E+00    0.1146370211857299E+01   -0.3587725649673268E-01
 0.4626156583361626E+00    0.1156257650683166E+01   -0.3533779739718618E-01
 0.4863344718046623E+00    0.1160424842455719E+01   -0.3460323538873435E-01
 0.5112693748444305E+00    0.1158860651732375E+01   -0.3368713262028186E-01
 0.5374827177010773E+00    0.1151652170971472E+01   -0.3260655487271297E-01
 0.5650400473856650E+00    0.1138978369147296E+01   -0.3138135686578604E-01
 0.5940102715763773E+00    0.1121101057325238E+01   -0.3003337864822520E-01
 0.6244658309236064E+00    0.1098353952695704E+01   -0.2858561671188751E-01
 0.6564828801893130E+00    0.1071130616354878E+01   -0.2706142802016558E-01
 0.6901414786735977E+00    0.1039871951830209E+01   -0.2548381339675279E-01
 0.7255257904046520E+00    0.1005053811160985E+01   -0.2387481145843663E-01
 0.7627242945926684E+00    0.9671750969813262E+00   -0.2225501840756758E-01
 0.8018300068739527E+00    0.9267466026075128E+00   -0.2064323497905329E-01
 0.8429407118984635E+00    0.8842807188072785E+00   -0.1905623127461883E-01
 0.8861592078423725E+00    0.8402820655045823E+00   -0.1750861375979872E-01
 0.9315935634570484E+00    0.7952390777593500E+00   -0.1601277612925364E-01
 0.9793573882972270E+00    0.7496165779002444E+00   -0.1457891623433378E-01
 0.1029570116804074E+01    0.7038493847853585E+00   -0.1321510368468414E-01
 0.1082357306953498E+01    0.6583370312254734E+00   -0.1192738594858662E-01
 0.1137850954216494E+01    0.6134396688639164E+00   -0.1071992386417083E-01
 0.1196189821616567E+01    0.5694752286406133E+00   -0.9595149849375663E-02
 0.1257519786709578E+01    0.5267178727026762E+00   -0.8553943531875148E-02
 0.1321994206353610E+01    0.4853977239609868E+00   -0.7595820078793288E-02
 0.1389774300181000E+01    0.4457017999123806E+00   -0.6719126452532274E-02
 0.1461029553731390E+01    0.4077760170275466E+00   -0.5921240494842384E-02
 0.1535938142253860E+01    0.3717280797785101E+00   -0.5198767466035778E-02
 0.1614687376237858E+01    0.3376310311480811E+00   -0.4547728670431092E-02
 0.1697474169786987E+01    0.3055272232854665E+00   -0.3963737195025224E-02
 0.1784505533006835E+01    0.2754324688506756E+00   -0.3442156575163610E-02
 0.1875999089638066E+01    0.2473401538287407E+00   -0.2978239292346371E-02
 0.1972183621229121E+01    0.2212251275052581E+00   -0.2567243271219552E-02
 0.2073299639209264E+01    0.1970472300367935E+00   -0.2204525829846031E-02
 0.2179599986292427E+01    0.1747543674204435E+00   -0.1885615720699969E-02
 0.2291350468715695E+01    0.1542850927367737E+00   -0.1606264883846089E-02
 0.2408830520893354E+01    0.1355706970974410E+00   -0.1362482261913999E-02
 0.2532333904148474E+01    0.1185368505451494E+00   -0.1150552479236873E-02
 0.2662169441269232E+01    0.1031048601120900E+00   -0.9670423756615119E-03
 0.2798661788726742E+01    0.8919262836265972E-01   -0.8087983416733584E-03
 0.2942152248485335E+01    0.7671540113187569E-01   -0.6729371719017532E-03
 0.3092999621435251E+01    0.6558638889792014E-01   -0.5568327917510264E-03
 0.3251581104581752E+01    0.5571733416285369E-01   -0.4581007709200291E-03
 0.3418293234234111E+01    0.4701907977828485E-01   -0.3745820687248989E-03
 0.3593552877552928E+01    0.3940217302306734E-01   -0.3043270035068284E-03
 0.3777798274935171E+01    0.3277752004740733E-01   -0.2455800367376300E-03
 0.3971490135843438E+01    0.2705708732335656E-01   -0.1967656354341762E-03
 0.4175112790819585E+01    0.2215463267898462E-01   -0.1564752361594185E-03
 0.4389175402563355E+01    0.1798643930284047E-01   -0.1234551810568406E-03
 0.4614213239104344E+01    0.1447202198324740E-01   -0.9659542240619999E-04
 0.4850789012250877E+01    0.1153477531016366E-01   -0.7491878164272368E-04
 0.5099494284662639E+01    0.9102537628305235E-02   -0.5757058252014660E-04
 0.5360950949065451E+01    0.7108050927240308E-02   -0.4380853648985207E-04
 0.5635812783307012E+01    0.5489304290029378E-02   -0.3299282398229290E-04
 0.5924767085142062E+01    0.4189755868948500E-02   -0.2457637475506458E-04
 0.6228536390834766E+01    0.3158434796306583E-02   -0.1809539541692922E-04
 0.6547880281875716E+01    0.2349929519882688E-02   -0.1316021914513093E-04
 0.6883597284331323E+01    0.1724272673964225E-02   -0.9446562053631670E-05
 0.7236526865574901E+01    0.1246734923022377E-02   -0.6687266003425034E-05
 0.7607551533392368E+01    0.8875415605170746E-03   -0.4664593604651139E-05
 0.7997599042711387E+01    0.6215263537521259E-03   -0.3203122566077121E-05
 0.8407644715471930E+01    0.4277374705429032E-03   -0.2163267372187220E-05
 0.8838713879439149E+01    0.2890104502665402E-03   -0.1435439125807202E-05
 0.9291884432056865E+01    0.1915230986244970E-03   -0.9348404620342618E-06
 0.9768289535752617E+01    0.1243467956765465E-03   -0.5968817145496885E-06
 0.1026912045143399E+02    0.7900787023364994E-04   -0.3731962680024881E-06
 0.1079562951726135E+02    0.4907129486808044E-04   -0.2282262970109186E-06
 0.1134913328014559E+02    0.2975695932807598E-04   -0.1363440834134174E-06
 0.1193101578780117E+02    0.1759626030842275E-04   -0.7946843999308328E-07
 0.1254273204958628E+02    0.1013388314799504E-04   -0.4513053064585288E-07
 0.1318581167478415E+02    0.5676701357591647E-05   -0.2493899500911333E-07
 0.1386186269742300E+02    0.3088962949590504E-05   -0.1339133423444182E-07
 0.1457257559719868E+02    0.1630618705473262E-05   -0.6977507423970778E-08
 0.1531972752655444E+02    0.8339529106152261E-06   -0.3522892667117570E-08
 0.1610518675448773E+02    0.4126792296505849E-06   -0.1721131223516755E-08
 0.1693091733819582E+02    0.1973389603334540E-06   -0.8125424499816487E-09
 0.1779898403424185E+02    0.9107817415406261E-07   -0.3701832382673754E-09
 0.1871155746152166E+02    0.4052524406199128E-07   -0.1625464901418256E-09
 0.1967091952894174E+02    0.1736666548426979E-07   -0.6871132484160743E-10
 0.2067946914138002E+02    0.7160069383258043E-08   -0.2792708891048810E-10
 0.2173972819819762E+02    0.2848382775229144E-08   -0.1093835445998593E-10
 0.2285434789930087E+02    0.1011069924418073E-08   -0.3792910485537143E-11
 0.2402611537452199E+02    0.3467013895437265E-09   -0.1252620304280473E-11
