 0.0000000000000000E+00    0.0000000000000000E+00    0.0000000000000000E+00
 0.1464888467886403E-08    0.1271031194253008E-05   -0.5771365040841280E-11
 0.3004883373589934E-08    0.2607229550941312E-05   -0.2428423474454412E-10
 0.4623835506522379E-08    0.4011936262243448E-05   -0.4204199560550635E-10
 0.6325793090290573E-08    0.5488663826283630E-05   -0.7488636737346504E-10
 0.8115011905364052E-08    0.7041104830906267E-05   -0.1204192203069908E-09
 0.9995965930742960E-08    0.8673141186931964E-05   -0.1810813717325759E-09
 0.1197335853123594E-07    0.1038885383493789E-04   -0.2586487948874280E-09
 0.1405213421832203E-07    0.1219253294972323E-04   -0.3554156303071163E-09
 0.1623749101400485E-07    0.1408868866796031E-04   -0.4739158646860867E-09
 0.1853489344857512E-07    0.1608206236586421E-04   -0.6170043669993499E-09
 0.2095008622478276E-07    0.1817763851507699E-04   -0.7878712716496904E-09
 0.2348910858258601E-07    0.2038065714641287E-04   -0.9900789970088897E-09
 0.2615830940039708E-07    0.2269662695262898E-04   -0.1227600653548094E-08
 0.2896436307058510E-07    0.2513133906298471E-04   -0.1504864133723364E-08
 0.3191428618893363E-07    0.2769088152403212E-04   -0.1826801117071452E-08
 0.3501545509978486E-07    0.3038165452284560E-04   -0.2198901576738760E-08
 0.3827562434074268E-07    0.3321038639075554E-04   -0.2627274234953511E-08
 0.4170294603305579E-07    0.3618415042760167E-04   -0.3118713559786436E-08
 0.4530599026616714E-07    0.3931038258857385E-04   -0.3680773965516733E-08
 0.4909376652740141E-07    0.4259690007786406E-04   -0.4321851962829291E-08
 0.5307574623037623E-07    0.4605192089562084E-04   -0.5051277089730250E-08
 0.5726188639846966E-07    0.4968408438708058E-04   -0.5879412545747033E-08
 0.6166265456256494E-07    0.5350247284525564E-04   -0.6817766551670700E-08
 0.6628905493533010E-07    0.5751663422119274E-04   -0.7879115566444931E-08
 0.7115265592748138E-07    0.6173660599858476E-04   -0.9077640613130506E-08
 0.7626561907483577E-07    0.6617294029242834E-04   -0.1042907809854179E-07
 0.8164072944848522E-07    0.7083673023448095E-04   -0.1195088665758028E-07
 0.8729142762413383E-07    0.7573963771148684E-04   -0.1366243171500170E-07
 0.9323184329053795E-07    0.8089392252552243E-04   -0.1558518963600185E-07
 0.9947683058108790E-07    0.8631247304936708E-04   -0.1774297353440365E-07
 0.1060420052168787E-06    0.9200883845354141E-04   -0.2016218302536628E-07
 0.1129437835541465E-06    0.9799726258558213E-04   -0.2287208045061065E-07
 0.1201994236337104E-06    0.1042927195862541E-03   -0.2590509637058665E-07
 0.1278270683350633E-06    0.1109109513317382E-03   -0.2929716741246891E-07
 0.1358457907430214E-06    0.1178685067953972E-03   -0.3308810988831317E-07
 0.1442756418403704E-06    0.1251827834275195E-03   -0.3732203295739614E-07
 0.1531377006457672E-06    0.1328720706564793E-03   -0.4204779550430330E-07
 0.1624541269222654E-06    0.1409555956200547E-03   -0.4731951134370357E-07
 0.1722482165882662E-06    0.1494535712412131E-03   -0.5319710784835832E-07
 0.1825444599694479E-06    0.1583872467685317E-03   -0.5974694363362031E-07
 0.1933686030373371E-06    0.1677789609075722E-03   -0.6704249152485743E-07
 0.2047477117876480E-06    0.1776521976760033E-03   -0.7516509368983024E-07
 0.2167102399193693E-06    0.1880316451220594E-03   -0.8420479654262189E-07
 0.2292860999838330E-06    0.1989432570530757E-03   -0.9426127382652004E-07
 0.2425067381816732E-06    0.2104143179283504E-03   -0.1054448471682989E-06
 0.2564052129947074E-06    0.2224735110784794E-03   -0.1178776143745025E-06
 0.2710162778493604E-06    0.2351509904216100E-03   -0.1316946968213793E-06
 0.2863764680183328E-06    0.2484784558557799E-03   -0.1470456184848808E-06
 0.3025241919778125E-06    0.2624892325156732E-03   -0.1640958304775646E-06
 0.3194998274486721E-06    0.2772183540917592E-03   -0.1830283964185507E-06
 0.3373458223618025E-06    0.2927026504199018E-03   -0.2040458555754608E-06
 0.3561068010000500E-06    0.3089808395601632E-03   -0.2273722824996562E-06
 0.3758296755821676E-06    0.3260936245947048E-03   -0.2532555638459086E-06
 0.3965637635677972E-06    0.3440837953864324E-03   -0.2819699152445746E-06
 0.4183609109768069E-06    0.3629963355523708E-03   -0.3138186635001711E-06
 0.4412756220313464E-06    0.3828785349187192E-03   -0.3491373220490002E-06
 0.4653651954447920E-06    0.4037801077381576E-03   -0.3882969905467282E-06
 0.4906898676983756E-06    0.4257533169642801E-03   -0.4317081127039118E-06
 0.5173129636637640E-06    0.4488531048930622E-03   -0.4798246300758546E-06
 0.5453010549482219E-06    0.4731372304970487E-03   -0.5331485734786465E-06
 0.5747241263583063E-06    0.4986664137945267E-03   -0.5922351380854135E-06
 0.6056557508983357E-06    0.5255044876133544E-03   -0.6576982930993800E-06
 0.6381732737412239E-06    0.5537185571273895E-03   -0.7302169822516302E-06
 0.6723580056316995E-06    0.5833791675626478E-03   -0.8105419772848037E-06
 0.7082954262055200E-06    0.6145604804904594E-03   -0.8995034531182980E-06
 0.7460753977330867E-06    0.6473404591460229E-03   -0.9980193606109510E-06
 0.7857923898219268E-06    0.6818010632329339E-03   -0.1107104680815550E-05
 0.8275457156399195E-06    0.7180284536975302E-03   -0.1227881653435183E-05
 0.8714397802499461E-06    0.7561132079812882E-03   -0.1361591081932118E-05
 0.9175843416769288E-06    0.7961505462850950E-03   -0.1509604828502277E-05
 0.9660947853600637E-06    0.8382405694060380E-03   -0.1673439624019359E-05
 0.1017092412676520E-05    0.8824885087354595E-03   -0.1854772331190130E-05
 0.1070704744258067E-05    0.9290049890364620E-03   -0.2055456813676527E-05
 0.1127065838859076E-05    0.9779063046498856E-03   -0.2277542579974682E-05
 0.1186316628573230E-05    0.1029314709810053E-02   -0.2523295388554201E-05
 0.1248605271237174E-05    0.1083358723785335E-02   -0.2795220020327922E-05
 0.1314087520902274E-05    0.1140173451593902E-02   -0.3096085446135749E-05
 0.1382927117300871E-05    0.1199900921081928E-02   -0.3428952640798763E-05
 0.1455296195280908E-05    0.1262690437190040E-02   -0.3797205321666020E-05
 0.1531375715232703E-05    0.1328698954274030E-02   -0.4204583918694738E-05
 0.1611355915584188E-05    0.1398091467387785E-02   -0.4655223115259832E-05
 0.1695436788496068E-05    0.1471041423480054E-02   -0.5153693334394431E-05
 0.1783828579946393E-05    0.1547731153502168E-02   -0.5705046584364719E-05
 0.1876752315455018E-05    0.1628352326471052E-02   -0.6314867120760379E-05
 0.1974440352762524E-05    0.1713106426580946E-02   -0.6989327430054072E-05
 0.2077136962845610E-05    0.1802205254508080E-02   -0.7735250092310218E-05
 0.2185098940721755E-05    0.1895871454105167E-02   -0.8560176138909953E-05
 0.2298596247570535E-05    0.1994339065736907E-02   -0.9472440585360940E-05
 0.2417912685777177E-05    0.2097854107563671E-02   -0.1048125589008735E-04
 0.2543346608586357E-05    0.2206675186138067E-02   -0.1159680416821475E-04
 0.2675211666140708E-05    0.2321074137738056E-02   -0.1283033907550997E-04
 0.2813837589769559E-05    0.2441336701920475E-02   -0.1419429837260820E-04
 0.2959571016489000E-05    0.2567763228840070E-02   -0.1570242828433670E-04
 0.3112776355774981E-05    0.2700669421941122E-02   -0.1736992088428245E-04
 0.3273836700776816E-05    0.2840387117691145E-02   -0.1921356586179635E-04
 0.3443154786249595E-05    0.2987265104088510E-02   -0.2125191816851453E-04
 0.3621153995600854E-05    0.3141669979737714E-02   -0.2350548319544535E-04
 0.3808279419569616E-05    0.3303987055346712E-02   -0.2599692130105913E-04
 0.4004998969185085E-05    0.3474621299559550E-02   -0.2875127369707720E-04
 0.4211804545787937E-05    0.3653998331093578E-02   -0.3179621190335378E-04
 0.4429213271039894E-05    0.3842565459202697E-02   -0.3516231320806223E-04
 0.4657768779997231E-05    0.4040792774535199E-02   -0.3888336481614252E-04
 0.4898042580481593E-05    0.4249174292495236E-02   -0.4299669963956436E-04
 0.5150635482147220E-05    0.4468229151249132E-02   -0.4754356697945849E-04
 0.5416179098818047E-05    0.4698502866539498E-02   -0.5256954167472256E-04
 0.5695337427851240E-05    0.4940568645479050E-02   -0.5812497564658200E-04
 0.5988808510476464E-05    0.5195028761489333E-02   -0.6426549615612562E-04
 0.6297326177262543E-05    0.5462515992523963E-02   -0.7105255551445045E-04
 0.6621661883076117E-05    0.5743695124667556E-02   -0.7855403744517690E-04
 0.6962626636120645E-05    0.6039264523126070E-02   -0.8684492579915243E-04
 0.7321073025879346E-05    0.6349957772516204E-02   -0.9600804186348625E-04
 0.7697897355033002E-05    0.6676545388215386E-02   -0.1061348570938258E-03
 0.8094041880683526E-05    0.7019836600342471E-02   -0.1173263887319042E-03
 0.8510497170487513E-05    0.7380681211694750E-02   -0.1296941864513588E-03
 0.8948304579591345E-05    0.7759971530660343E-02   -0.1433614189045708E-03
 0.9408558854561478E-05    0.8158644379745972E-02   -0.1584640698219296E-03
 0.9892410870821081E-05    0.8577683179896678E-02   -0.1751522541415320E-03
 0.1040107051043806E-04    0.9018120110223011E-02   -0.1935916655195181E-03
 0.1093580968746044E-04    0.9481038342077116E-02   -0.2139651674847827E-03
 0.1149796552836397E-04    0.9967574345614986E-02   -0.2364745414500644E-03
 0.1208894371556481E-04    0.1047892026602888E-01   -0.2613424057647076E-03
 0.1271022200235775E-04    0.1101632636550969E-01   -0.2888143209791240E-03
 0.1336335390806918E-04    0.1158110352568067E-01   -0.3191610974686754E-03
 0.1404997260266460E-04    0.1217462580370514E-01   -0.3526813225106858E-03
 0.1477179499052420E-04    0.1279833303348341E-01   -0.3897041247902681E-03
 0.1553062600359813E-04    0.1345373346128782E-01   -0.4305921950867097E-03
 0.1632836311467648E-04    0.1414240640280813E-01   -0.4757450825086207E-03
 0.1716700108205966E-04    0.1486600490585873E-01   -0.5256027860346147E-03
 0.1804863693749314E-04    0.1562625839990221E-01   -0.5806496611907411E-03
 0.1897547522983911E-04    0.1642497531003916E-01   -0.6414186613480315E-03
 0.1994983353759693E-04    0.1726404560917362E-01   -0.7084959322183123E-03
 0.2097414826405659E-04    0.1814544327766598E-01   -0.7825257764961035E-03
 0.2205098072957594E-04    0.1907122863492057E-01   -0.8642160030314976E-03
 0.2318302357621577E-04    0.2004355050202674E-01   -0.9543436711677911E-03
 0.2437310750074745E-04    0.2106464814881073E-01   -0.1053761235624688E-02
 0.2562420833286936E-04    0.2213685297251852E-01   -0.1163403090169583E-02
 0.2693945447633111E-04    0.2326258984894631E-01   -0.1284292498828523E-02
 0.2832213473157248E-04    0.2444437809032873E-01   -0.1417548890977565E-02
 0.2977570651943756E-04    0.2568483193793608E-01   -0.1564395480638064E-02
 0.3130380452652774E-04    0.2698666051147662E-01   -0.1726167149848454E-02
 0.3291024979381145E-04    0.2835266713254666E-01   -0.1904318510106681E-02
 0.3459905927121687E-04    0.2978574793620279E-01   -0.2100432023383079E-02
 0.3637445586209909E-04    0.3128888968416581E-01   -0.2316226023677814E-02
 0.3824087898269810E-04    0.3286516669642479E-01   -0.2553562429862897E-02
 0.4020299566299177E-04    0.3451773682669268E-01   -0.2814453878630027E-02
 0.4226571221670179E-04    0.3624983642334671E-01   -0.3101069930449515E-02
 0.4443418650963349E-04    0.3806477424382895E-01   -0.3415741908848861E-02
 0.4671384085702703E-04    0.3996592433035968E-01   -0.3760965820964534E-02
 0.4911037558216980E-04    0.4195671791245816E-01   -0.4139402671733909E-02
 0.5162978327017385E-04    0.4404063448240244E-01   -0.4553875321455822E-02
 0.5427836375256006E-04    0.4622119229974843E-01   -0.5007360842733074E-02
 0.5706273986011834E-04    0.4850193872793412E-01   -0.5502977104121841E-02
 0.5998987398343435E-04    0.5088644099853617E-01   -0.6043962041086937E-02
 0.6306708548249245E-04    0.5337827824648251E-01   -0.6633643769308248E-02
 0.6630206898888816E-04    0.5598103597199312E-01   -0.7275399355406616E-02
 0.6970291364641513E-04    0.5869830446980889E-01   -0.7972599701251189E-02
 0.7327812333813805E-04    0.6153368322494614E-01   -0.8728537658690250E-02
 0.7703663795052979E-04    0.6449079379404354E-01   -0.9546336257484135E-02
 0.8098785572784418E-04    0.6757330422862443E-01   -0.1042883398179206E-01
 0.8514165677262189E-04    0.7078496854352623E-01   -0.1137844474267093E-01
 0.8950842775109324E-04    0.7412968485508437E-01   -0.1239699231052921E-01
 0.9409908786525382E-04    0.7761157513311449E-01   -0.1348552391334669E-01
 0.9892511615655710E-04    0.8123508714205090E-01   -0.1464411794560597E-01
 0.1039985802094972E-03    0.8500511367154673E-01   -0.1587171972008039E-01
 0.1093321663268559E-03    0.8892711404506518E-01   -0.1716606888011817E-01
 0.1149392112520675E-03    0.9300720878087655E-01   -0.1852381370728686E-01
 0.1208337355180243E-03    0.9725220827151136E-01   -0.1994090478242752E-01
 0.1270304785057119E-03    0.1016695486445402E+00   -0.2141326384647345E-01
 0.1335449353003386E-03    0.1062671524651757E+00   -0.2293753843402568E-01
 0.1403933954371200E-03    0.1110532778301115E+00   -0.2451164352062736E-01
 0.1475929836336018E-03    0.1160364174946253E+00   -0.2613491589275889E-01
 0.1551617026103730E-03    0.1212252644871488E+00   -0.2780794768092164E-01
 0.1631184781072453E-03    0.1266287232754241E+00   -0.2953228425642685E-01
 0.1714832062074601E-03    0.1322559394870424E+00   -0.3131013145859764E-01
 0.1802768030882603E-03    0.1381163314665232E+00   -0.3314413238133911E-01
 0.1895212573222279E-03    0.1442196170569753E+00   -0.3503721869381180E-01
 0.1992396848601690E-03    0.1505758344547942E+00   -0.3699252045508398E-01
 0.2094563868330313E-03    0.1571953580507141E+00   -0.3901331564949163E-01
 0.2201969103173893E-03    0.1640889105899593E+00   -0.4110300436002708E-01
 0.2314881122164428E-03    0.1712675727854420E+00   -0.4326509719104191E-01
 0.2433582264162638E-03    0.1787427911675584E+00   -0.4550321142322625E-01
 0.2558369343852183E-03    0.1865263846322675E+00   -0.4782107109613177E-01
 0.2689554393930972E-03    0.1946305499076022E+00   -0.5022250893298308E-01
 0.2827465445355445E-03    0.2030678659965560E+00   -0.5271146902911561E-01
 0.2972447347588821E-03    0.2118512975525054E+00   -0.5529200977284605E-01
 0.3124862630904384E-03    0.2209941970810849E+00   -0.5796830674419746E-01
 0.3285092412899997E-03    0.2305103058230014E+00   -0.6074465546605001E-01
 0.3453537351490618E-03    0.2404137531444299E+00   -0.6362547393711547E-01
 0.3630618646761771E-03    0.2507190542386592E+00   -0.6661530489622114E-01
 0.3816779094189163E-03    0.2614411059209710E+00   -0.6971881777234522E-01
 0.4012484191858008E-03    0.2725951802765645E+00   -0.7294081027358452E-01
 0.4218223304450712E-03    0.2841969158978390E+00   -0.7628620956445244E-01
 0.4434510886913474E-03    0.2962623064221241E+00   -0.7976007297600562E-01
 0.4661887770861622E-03    0.3088076860537924E+00   -0.8336758818774705E-01
 0.4900922516940355E-03    0.3218497117254542E+00   -0.8711407281419040E-01
 0.5152212836522509E-03    0.3354053415215026E+00   -0.9100497332241096E-01
 0.5416387086298322E-03    0.3494918089535426E+00   -0.9504586319983986E-01
 0.5694105839494456E-03    0.3641265926411060E+00   -0.9924244028395751E-01
 0.5986063537651136E-03    0.3793273809124282E+00   -0.1036005231573866E+00
 0.6292990227087730E-03    0.3951120307988744E+00   -0.1081260465031474E+00
 0.6615653384398801E-03    0.4114985208527862E+00   -0.1128250553055046E+00
 0.6954859835545361E-03    0.4285048971720404E+00   -0.1177036977718803E+00
 0.7311457773340025E-03    0.4461492119654474E+00   -0.1227682168407249E+00
 0.7686338878370852E-03    0.4644494539412978E+00   -0.1280249401290137E+00
 0.8080440548667263E-03    0.4834234697469462E+00   -0.1334802681611733E+00
 0.8494748243683396E-03    0.5030888756304035E+00   -0.1391406607087412E+00
 0.8930297948460028E-03    0.5234629584356726E+00   -0.1450126210569466E+00
 0.9388178764126811E-03    0.5445625649822247E+00   -0.1511026780006905E+00
 0.9869535631222379E-03    0.5664039788159199E+00   -0.1574173653581484E+00
 0.1037557219264207E-02    0.5890027832542090E+00   -0.1639631987754758E+00
 0.1090755380337209E-02    0.6123737095831751E+00   -0.1707466495809431E+00
 0.1146681069453613E-02    0.6365304691985377E+00   -0.1777741154313746E+00
 0.1205474129966599E-02    0.6614855684179487E+00   -0.1850518874781299E+00
 0.1267281575151388E-02    0.6872501046287987E+00   -0.1925861137642338E+00
 0.1332257955815003E-02    0.7138335423754831E+00   -0.2003827585488049E+00
 0.1400565746753787E-02    0.7412434679341197E+00   -0.2084475572399189E+00
 0.1472375753025026E-02    0.7694853208727572E+00   -0.2167859666027492E+00
 0.1547867537048561E-02    0.7985621010531768E+00   -0.2254031098966035E+00
 0.1627229867606365E-02    0.8284740494988364E+00   -0.2343037165827313E+00
 0.1710661191862824E-02    0.8592183015350469E+00   -0.2434920562349926E+00
 0.1798370131586015E-02    0.8907885106053133E+00   -0.2529718662782057E+00
 0.1890576004810793E-02    0.9231744411855333E+00   -0.2627462731748869E+00
 0.1987509374248114E-02    0.9563615292596161E+00   -0.2728177066808825E+00
 0.2089412623811908E-02    0.9903304088908373E+00   -0.2831878067949463E+00
 0.2196540564705118E-02    0.1025056403528242E+01   -0.2938573230375706E+00
 0.2309161072580428E-02    0.1060508980832781E+01   -0.3048260057114502E+00
 0.2427555757368930E-02    0.1096651170000374E+01   -0.3160924888210597E+00
 0.2552020667451633E-02    0.1133438940806423E+01   -0.3276541643633251E+00
 0.2682867029934619E-02    0.1170820543906818E+01   -0.3395070477468037E+00
 0.2820422028878922E-02    0.1208735812313517E+01   -0.3516456341548114E+00
 0.2965029623431102E-02    0.1247115424428516E+01   -0.3640627457404168E+00
 0.3117051407900273E-02    0.1285880129579495E+01   -0.3767493696301364E+00
 0.3276867515932217E-02    0.1324939937665523E+01   -0.3896944868206890E+00
 0.3444877571041508E-02    0.1364193275304679E+01   -0.4028848921815999E+00
 0.3621501685878449E-02    0.1403526111790621E+01   -0.4163050059282259E+00
 0.3807181512729525E-02    0.1442811059226104E+01   -0.4299366771074634E+00
 0.4002381347878166E-02    0.1481906452422404E+01   -0.4437589798446069E+00
 0.4207589292587296E-02    0.1520655415549146E+01   -0.4577480033372388E+00
 0.4423318473606734E-02    0.1558884924103170E+01   -0.4718766368532558E+00
 0.4650108326257341E-02    0.1596404872551390E+01   -0.4861143512977368E+00
 0.4888525943300301E-02    0.1633007160003219E+01   -0.5004269792596640E+00
 0.5139167492964413E-02    0.1668464808493195E+01   -0.5147764958365841E+00
 0.5402659709677190E-02    0.1702531130911319E+01   -0.5291208029647360E+00
 0.5679661461227380E-02    0.1734938968310668E+01   -0.5434135204550081E+00
 0.5970865396277627E-02    0.1765400019247306E+01   -0.5576037874515277E+00
 0.6276999676346912E-02    0.1793604286958164E+01   -0.5716360785889631E+00
 0.6598829796593634E-02    0.1819219673541614E+01   -0.5854500397246767E+00
 0.6937160499952235E-02    0.1841891753846222E+01   -0.5989803487591151E+00
 0.7292837789409701E-02    0.1861243765456380E+01   -0.6121566077267689E+00
 0.7666751043453704E-02    0.1876876854935032E+01   -0.6249032730329716E+00
 0.8059835239982070E-02    0.1888370624272002E+01   -0.6371396314183367E+00
 0.8473073294234534E-02    0.1895284025199508E+01   -0.6487798299393246E+00
 0.8907498516592817E-02    0.1897156652558679E+01   -0.6597329689432408E+00
 0.9364197196394806E-02    0.1893510491090385E+01   -0.6699032676678738E+00
 0.9844311318223727E-02    0.1883852172708431E+01   -0.6791903126843269E+00
 0.1034904141746443E-01    0.1867675803288831E+01   -0.6874893998957693E+00
 0.1087964958226718E-01    0.1844466419035743E+01   -0.6946919811685627E+00
 0.1143746260942544E-01    0.1813704132285950E+01   -0.7006862268633745E+00
 0.1202387532205893E-01    0.1774869024874779E+01   -0.7053577155039583E+00
 0.1264035405739798E-01    0.1727446843554813E+01   -0.7085902615153232E+00
 0.1328844033339037E-01    0.1670935546047118E+01   -0.7102668913195538E+00
 0.1396975470329914E-01    0.1604852737695390E+01   -0.7102709770290839E+00
 0.1468600080792988E-01    0.1528744026946163E+01   -0.7084875354508137E+00
 0.1543896963562008E-01    0.1442192312542693E+01   -0.7048046980331878E+00
 0.1623054400064294E-01    0.1344827995951799E+01   -0.6991153546732306E+00
 0.1706270325122367E-01    0.1236340088725816E+01   -0.6913189708735870E+00
 0.1793752821894113E-01    0.1116488155876345E+01   -0.6813235735277661E+00
 0.1885720642189058E-01    0.9851150026351019E+00   -0.6690478955522922E+00
 0.1982403753461838E-01    0.8421599730671181E+00   -0.6544236636316679E+00
 0.2084043913850618E-01    0.6876726849344920E+00   -0.6373980064757649E+00
 0.2190895276698367E-01    0.5218269762784596E+00   -0.6179359532247296E+00
 0.2303225026068591E-01    0.3449347859912564E+00   -0.5960229830359451E+00
 0.2421314044844671E-01    0.1574596341547313E+00   -0.5716675775727439E+00
 0.2545457617083370E-01   -0.3997069046679945E-01   -0.5449037182797909E+00
 0.2675966166378783E-01   -0.2465526867766818E+00   -0.5157932602550658E+00
 0.2813166032083016E-01   -0.4612974484703898E+00   -0.4844281045890449E+00
 0.2957400285324549E-01   -0.6830232793267641E+00   -0.4509320817174946E+00
 0.3109029586864752E-01   -0.9103512154445718E+00   -0.4154624502100843E+00
 0.3268433088937651E-01   -0.1141704081368005E+01   -0.3782109091770240E+00
 0.3436009383328007E-01   -0.1375309717381787E+01   -0.3394040188875845E+00
 0.3612177498058387E-01   -0.1609209002838585E+01   -0.2993029240802916E+00
 0.3797377945177492E-01   -0.1841269260167952E+01   -0.2582022786411696E+00
 0.3992073822269722E-01   -0.2069203551328904E+01   -0.2164282796291224E+00
 0.4196751970440363E-01   -0.2290596268539199E+01   -0.1743357337243692E+00
 0.4411924191671926E-01   -0.2502935270695608E+01   -0.1323041005722649E+00
 0.4638128528595697E-01   -0.2703650623928995E+01   -0.9073248543536294E-01
 0.4875930609878561E-01   -0.2890159769038158E+01   -0.5003358796011336E-01
 0.5125925064589297E-01   -0.3059918662331304E+01   -0.1062665422117121E-01
 0.5388737009080979E-01   -0.3210478124765159E+01    0.2707047540677846E-01
 0.5665023610107465E-01   -0.3339544295602803E+01    0.6265008097616337E-01
 0.5955475728082583E-01   -0.3445041733135242E+01    0.9572384790260025E-01
 0.6260819644591026E-01   -0.3525177352160326E+01    0.1259324793650176E+00
 0.6581818878470604E-01   -0.3578503055513369E+01    0.1529553461340794E+00
 0.6919276095007051E-01   -0.3603974628149187E+01    0.1765198424376375E+00
 0.7274035113015324E-01   -0.3601004243172658E+01    0.1964100841062013E+00
 0.7646983014826163E-01   -0.3569503807827040E+01    0.2124745650149990E+00
 0.8039052364453982E-01   -0.3509916382243747E+01    0.2246323829036626E+00
 0.8451223539492653E-01   -0.3423233061573161E+01    0.2328776590503342E+00
 0.8884527182570151E-01   -0.3310993045455215E+01    0.2372818107724592E+00
 0.9340046778491957E-01   -0.3175265142488742E+01    0.2379933935729027E+00
 0.9818921363517440E-01   -0.3018609674787375E+01    0.2352353123174459E+00
 0.1032234837354379E+00   -0.2844020646805927E+01    0.2292993081097237E+00
 0.1085158663831950E+00   -0.2654849092327376E+01    0.2205377575290143E+00
 0.1140795952917440E+00   -0.2454709661357998E+01    0.2093529690061031E+00
 0.1199285826813733E+00   -0.2247373680503022E+01    0.1961843196022977E+00
 0.1260774540671584E+00   -0.2036653022957325E+01    0.1814937332968607E+00
 0.1325415848303679E+00   -0.1826280051630859E+01    0.1657501451162239E+00
 0.1393371386649252E+00   -0.1619789542733541E+01    0.1494137082368006E+00
 0.1464811079950624E+00   -0.1420408759876357E+01    0.1329205677169577E+00
 0.1539913564652325E+00   -0.1230961658863868E+01    0.1166690313154001E+00
 0.1618866636085246E+00   -0.1053792529559492E+01    0.1010079065361604E+00
 0.1701867718052788E+00   -0.8907132431017598E+00    0.8622764259290032E-01
 0.1789124356493201E+00   -0.7429767451209315E+00    0.7255472418660397E-01
 0.1880854738452541E+00   -0.6112776444313236E+00    0.6014952738238830E-01
 0.1977288237665927E+00   -0.4957788565057492E+00    0.4910759006313862E-01
 0.2078665988111361E+00   -0.3961614551913732E+00    0.3946399791527558E-01
 0.2185241486970266E+00   -0.3116933428504394E+00    0.3120036889968276E-01
 0.2297281228502490E+00   -0.2413112178999282E+00    0.2425375745143943E-01
 0.2415065370420756E+00   -0.1837097009859110E+00    0.1852670915316713E-01
 0.2538888434430882E+00   -0.1374314182933886E+00    0.1389768252549326E-01
 0.2669060042689446E+00   -0.1009523116740409E+00    0.1023111227324656E-01
 0.2805905692020456E+00   -0.7275737254580217E-01    0.7386505023493356E-02
 0.2949767567826956E+00   -0.5140325791936833E-01    0.5226116010563121E-02
 0.3101005399732767E+00   -0.3556569307153866E-01    0.3620932641599146E-02
 0.3259997361093921E+00   -0.2407103785965457E-01    0.2454868231194533E-02
 0.3427141014629037E+00   -0.1591274283977459E-01    0.1627228935743006E-02
 0.3602854306533192E+00   -0.1025452253758336E-01    0.1053645702888540E-02
 0.3787576611561113E+00   -0.6422839741420202E-02    0.6657524636925188E-03
 0.3981769831692922E+00   -0.3891686497210747E-02    0.4099386168838548E-03
 0.4185919551129680E+00   -0.2262673936536522E-02    0.2455099019754799E-03
 0.4400536250506819E+00   -0.1243158631286130E-02    0.1425632695683480E-03
 0.4626156583361626E+00   -0.6246260916380544E-03    0.7982788275030424E-04
 0.4863344718046623E+00   -0.2629276004394331E-03    0.4265721105400948E-04
 0.5112693748444305E+00   -0.6132830723721042E-04    0.2128750333111264E-04
 0.5374827177010773E+00    0.4324268959937160E-04    0.9415120727194489E-05
 0.5650400473856650E+00    0.9079040838987109E-04    0.3095586626492808E-05
 0.5940102715763773E+00    0.1060426977243431E-03   -0.6646290335790969E-07
 0.6244658309236064E+00    0.1039229478238047E-03   -0.1485419465300555E-05
 0.6564828801893130E+00    0.9323660192914940E-04   -0.1975359394478896E-05
 0.6901414786735977E+00    0.7905972253549476E-04   -0.1994228585905169E-05
 0.7255257904046520E+00    0.6423433603238998E-04   -0.1794242627128252E-05
 0.7627242945926684E+00    0.5027888615059087E-04   -0.1511195252672289E-05
 0.8018300068739527E+00    0.3793228191511332E-04   -0.1215893597188749E-05
 0.8429407118984635E+00    0.2747670328401596E-04   -0.9431370794878132E-06
 0.8861592078423725E+00    0.1893021949307161E-04   -0.7078702459813565E-06
 0.9315935634570484E+00    0.1216357191827134E-04   -0.5142040035291956E-06
 0.9793573882972270E+00    0.6972349235523577E-05   -0.3605179325868375E-06
 0.1029570116804074E+01    0.3122132141689880E-05   -0.2423937014084725E-06
 0.1082357306953498E+01    0.3765539177345194E-06   -0.1543167265687139E-06
 0.1137850954216494E+01   -0.1485884561266766E-05   -0.9065194873159393E-07
 0.1196189821616567E+01   -0.2662595919838200E-05   -0.4617680177060893E-07
 0.1257519786709578E+01   -0.3322838287778218E-05   -0.1633894746248187E-07
 0.1321994206353610E+01   -0.3607069212206453E-05    0.2656121481635371E-08
 0.1389774300181000E+01   -0.3628464863348532E-05    0.1385893523294027E-07
 0.1461029553731390E+01   -0.3475689226648831E-05    0.1964577204823103E-07
 0.1535938142253860E+01   -0.3216258536540293E-05    0.2181426480579797E-07
 0.1614687376237858E+01   -0.2900049207479226E-05    0.2168578203326100E-07
 0.1697474169786987E+01   -0.2562655082297082E-05    0.2020311521259482E-07
 0.1784505533006835E+01   -0.2228419748187192E-05    0.1801729174858285E-07
 0.1875999089638066E+01   -0.1913058058311748E-05    0.1556088491154658E-07
 0.1972183621229121E+01   -0.1625843188057464E-05    0.1310746522990032E-07
 0.2073299639209264E+01   -0.1371376473397306E-05    0.1081818335973063E-07
 0.2179599986292427E+01   -0.1150981495781744E-05    0.8777165668658783E-08
 0.2291350468715695E+01   -0.9637755584011275E-06    0.7017652741839448E-08
 0.2408830520893354E+01   -0.8074745253349427E-06    0.5540779543584895E-08
 0.2532333904148474E+01   -0.6789840719978732E-06    0.4328704643562388E-08
 0.2662169441269232E+01   -0.5748242157928764E-06    0.3353530366000912E-08
 0.2798661788726742E+01   -0.4914264344016836E-06    0.2583172664838009E-08
 0.2942152248485335E+01   -0.4253350032351050E-06    0.1985076863004040E-08
 0.3092999621435251E+01   -0.3733372562316822E-06    0.1528444252866177E-08
 0.3251581104581752E+01   -0.3325415337375100E-06    0.1185457656340546E-08
 0.3418293234234111E+01   -0.3004170471282645E-06    0.9318383333568761E-09
 0.3593552877552928E+01   -0.2748060949827707E-06    0.7469861101165290E-09
 0.3777798274935171E+01   -0.2539168448752482E-06    0.6138389535013902E-09
 0.3971490135843438E+01   -0.2363023384314035E-06    0.5186018045743692E-09
 0.4175112790819585E+01   -0.2208309844032130E-06    0.4503570755471756E-09
 0.4389175402563355E+01   -0.2066512429627292E-06    0.4006978988086275E-09
 0.4614213239104344E+01   -0.1931545843112082E-06    0.3632848181288590E-09
 0.4850789012250877E+01   -0.1799369868347646E-06    0.3335336102724408E-09
 0.5099494284662639E+01   -0.1667630543721859E-06    0.3081891420084836E-09
 0.5360950949065451E+01   -0.1535303868019833E-06    0.2851403917721388E-09
 0.5635812783307012E+01   -0.1402394506633804E-06    0.2630153336677809E-09
 0.5924767085142062E+01   -0.1269633862155313E-06    0.2411591702120654E-09
 0.6228536390834766E+01   -0.1138255631430711E-06    0.2192162237550535E-09
 0.6547880281875716E+01   -0.1009752551333812E-06    0.1972931307414022E-09
 0.6883597284331323E+01   -0.8857340908666825E-07    0.1754749173651681E-09
 0.7236526865574901E+01   -0.7677361962923164E-07    0.1541936664468751E-09
 0.7607551533392368E+01   -0.6571611923598693E-07    0.1336203897693397E-09
 0.7997599042711387E+01   -0.5551314844364074E-07    0.1142640159798298E-09
 0.8407644715471930E+01   -0.4625098788681602E-07    0.9618303925609132E-10
 0.8838713879439149E+01   -0.3797862905419619E-07    0.7984356049548944E-10
 0.9291884432056865E+01   -0.3071738409198242E-07    0.6510076805765810E-10
 0.9768289535752617E+01   -0.2445143150290270E-07    0.5234479690188355E-10
 0.1026912045143399E+02   -0.1914404466797350E-07    0.4120960914510627E-10
 0.1079562951726135E+02   -0.1472816572152878E-07    0.3203109131669225E-10
 0.1134913328014559E+02   -0.1112777402277376E-07    0.2424951781962541E-10
 0.1193101578780117E+02   -0.8246400471915068E-08    0.1819660548147019E-10
 0.1254273204958628E+02   -0.5991929442137501E-08    0.1316797508225038E-10
 0.1318581167478415E+02   -0.4261160419604460E-08    0.9546789434371875E-11
 0.1386186269742300E+02   -0.2966583252675532E-08    0.6534516409976341E-11
 0.1457257559719868E+02   -0.2015785062389961E-08    0.4609500783585224E-11
 0.1531972752655444E+02   -0.1339390033299440E-08    0.2917572922332916E-11
 0.1610518675448773E+02   -0.8650774753721928E-09    0.2054844750328124E-11
 0.1693091733819582E+02   -0.5466302285628302E-09    0.1133194867323497E-11
 0.1779898403424185E+02   -0.3331283694247693E-09    0.8530305022514819E-12
 0.1871155746152166E+02   -0.2000647183408046E-09    0.3300627511644169E-12
