 0.0000000000000000E+00    0.0000000000000000E+00    0.0000000000000000E+00
 0.1464888467886403E-08    0.2903400186596310E-06   -0.1318908031423878E-11
 0.3004883373589934E-08    0.5955660883013387E-06   -0.5549583506454992E-11
 0.4623835506522379E-08    0.9164414329528295E-06   -0.9607696294714895E-11
 0.6325793090290573E-08    0.1253768408223481E-05   -0.1711349646697349E-10
 0.8115011905364052E-08    0.1608390507086414E-05   -0.2751894170170443E-10
 0.9995965930742960E-08    0.1981194469562138E-05   -0.4138183926972733E-10
 0.1197335853123594E-07    0.2373112499548501E-05   -0.5910801636515027E-10
 0.1405213421832203E-07    0.2785124596212976E-05   -0.8122178242717390E-10
 0.1623749101400485E-07    0.3218261004235764E-05   -0.1083021798647568E-09
 0.1853489344857512E-07    0.3673604790087782E-05   -0.1410016556718390E-09
 0.2095008622478276E-07    0.4152294550202155E-05   -0.1800492132852199E-09
 0.2348910858258601E-07    0.4655527258066190E-05   -0.2262589752679844E-09
 0.2615830940039708E-07    0.5184561257268936E-05   -0.2805388919468981E-09
 0.2896436307058510E-07    0.5740719408004870E-05   -0.3439008573813304E-09
 0.3191428618893363E-07    0.6325392394903174E-05   -0.4174718874240571E-09
 0.3501545509978486E-07    0.6940042204450035E-05   -0.5025065854798304E-09
 0.3827562434074268E-07    0.7586205780701057E-05   -0.6004009542488289E-09
 0.4170294603305579E-07    0.8265498868423721E-05   -0.7127077076842814E-09
 0.4530599026616714E-07    0.8979620053279579E-05   -0.8411532272147332E-09
 0.4909376652740141E-07    0.9730355009148297E-05   -0.9876563354011493E-09
 0.5307574623037623E-07    0.1051958096321317E-04   -0.1154349075948897E-08
 0.5726188639846966E-07    0.1134927138997270E-04   -0.1343599711302869E-08
 0.6166265456256494E-07    0.1222150094591470E-04   -0.1558038171237446E-08
 0.6628905493533010E-07    0.1313845065719148E-04   -0.1800584211157659E-08
 0.7115265592748138E-07    0.1410241337326638E-04   -0.2074478566142840E-08
 0.7626561907483577E-07    0.1511579950016787E-04   -0.2383317417187114E-08
 0.8164072944848522E-07    0.1618114302768544E-04   -0.2731090519496040E-08
 0.8729142762413383E-07    0.1730110786557659E-04   -0.3122223379683783E-08
 0.9323184329053795E-07    0.1847849450462701E-04   -0.3561623909527182E-08
 0.9947683058108790E-07    0.1971624701921723E-04   -0.4054734029048824E-08
 0.1060420052168787E-06    0.2101746042890329E-04   -0.4607586741550884E-08
 0.1129437835541465E-06    0.2238538843741578E-04   -0.5226869258311364E-08
 0.1201994236337104E-06    0.2382345156842489E-04   -0.5919992811543616E-08
 0.1278270683350633E-06    0.2533524571841121E-04   -0.6695169861509119E-08
 0.1358457907430214E-06    0.2692455114802266E-04   -0.7561499478049392E-08
 0.1442756418403704E-06    0.2859534193439584E-04   -0.8529061758998367E-08
 0.1531377006457672E-06    0.3035179590806986E-04   -0.9609022238788796E-08
 0.1624541269222654E-06    0.3219830509933155E-04   -0.1081374734097100E-07
 0.1722482165882662E-06    0.3413948672010518E-04   -0.1215693203934047E-07
 0.1825444599694479E-06    0.3618019470883477E-04   -0.1365374101501902E-07
 0.1933686030373371E-06    0.3832553186721514E-04   -0.1532096473239423E-07
 0.2047477117876480E-06    0.4058086261910482E-04   -0.1717719200664008E-07
 0.2167102399193693E-06    0.4295182642350659E-04   -0.1924300080112626E-07
 0.2292860999838330E-06    0.4544435187513713E-04   -0.2154116917602703E-07
 0.2425067381816732E-06    0.4806467152781809E-04   -0.2409690851169743E-07
 0.2564052129947074E-06    0.5081933747772969E-04   -0.2693812135391750E-07
 0.2710162778493604E-06    0.5371523774546073E-04   -0.3009568647515531E-07
 0.2863764680183328E-06    0.5675961349778186E-04   -0.3360377401903072E-07
 0.3025241919778125E-06    0.5996007715216114E-04   -0.3750019389691795E-07
 0.3194998274486721E-06    0.6332463140924681E-04   -0.4182678093911213E-07
 0.3373458223618025E-06    0.6686168926084479E-04   -0.4662982067154895E-07
 0.3561068010000500E-06    0.7058009502335817E-04   -0.5196051999638921E-07
 0.3758296755821676E-06    0.7448914644920405E-04   -0.5787552750493402E-07
 0.3965637635677972E-06    0.7859861797140420E-04   -0.6443750864882238E-07
 0.4183609109768069E-06    0.8291878513937084E-04   -0.7171578154526157E-07
 0.4412756220313464E-06    0.8746045030686403E-04   -0.7978701979963003E-07
 0.4653651954447920E-06    0.9223496963621141E-04   -0.8873602940026255E-07
 0.4906898676983756E-06    0.9725428148614929E-04   -0.9865660748227640E-07
 0.5173129636637640E-06    0.1025309362540755E-03   -0.1096524915773303E-06
 0.5453010549482219E-06    0.1080781277471097E-03   -0.1218384088724311E-06
 0.5747241263583063E-06    0.1139097261601452E-03   -0.1353412360023338E-06
 0.6056557508983357E-06    0.1200403127430501E-03   -0.1503012810067519E-06
 0.6381732737412239E-06    0.1264852162433522E-03   -0.1668737003064827E-06
 0.6723580056316995E-06    0.1332605512151183E-03   -0.1852300649039293E-06
 0.7082954262055200E-06    0.1403832582893533E-03   -0.2055600915067496E-06
 0.7460753977330867E-06    0.1478711465060494E-03   -0.2280735559234315E-06
 0.7857923898219268E-06    0.1557429378131038E-03   -0.2530024079028423E-06
 0.8275457156399195E-06    0.1640183138426222E-03   -0.2806031086044297E-06
 0.8714397802499461E-06    0.1727179650807046E-03   -0.3111592141117394E-06
 0.9175843416769288E-06    0.1818636425526522E-03   -0.3449842308614055E-06
 0.9660947853600637E-06    0.1914782121516635E-03   -0.3824247715771716E-06
 0.1017092412676520E-05    0.2015857117455016E-03   -0.4238640433007597E-06
 0.1070704744258067E-05    0.2122114112023425E-03   -0.4697257024282554E-06
 0.1127065838859076E-05    0.2233818754840667E-03   -0.5204781153249966E-06
 0.1186316628573230E-05    0.2351250309626024E-03   -0.5766390671398469E-06
 0.1248605271237174E-05    0.2474702351226748E-03   -0.6387809659113393E-06
 0.1314087520902274E-05    0.2604483498223527E-03   -0.7075365939973821E-06
 0.1382927117300871E-05    0.2740918182912240E-03   -0.7836054643156894E-06
 0.1455296195280908E-05    0.2884347460548381E-03   -0.8677608449075622E-06
 0.1531375715232703E-05    0.3035129859832273E-03   -0.9608575219918903E-06
 0.1611355915584188E-05    0.3193642276709068E-03   -0.1063840379024544E-05
 0.1695436788496068E-05    0.3360280913657281E-03   -0.1177753877392446E-05
 0.1783828579946393E-05    0.3535462266743447E-03   -0.1303752533329964E-05
 0.1876752315455018E-05    0.3719624162828423E-03   -0.1443112495535974E-05
 0.1974440352762524E-05    0.3913226849422908E-03   -0.1597244338886034E-05
 0.2077136962845610E-05    0.4116754139805830E-03   -0.1767707201685758E-05
 0.2185098940721755E-05    0.4330714616139582E-03   -0.1956224407204960E-05
 0.2298596247570535E-05    0.4555642893439869E-03   -0.2164700724909507E-05
 0.2417912685777177E-05    0.4792100947386092E-03   -0.2395241442986409E-05
 0.2543346608586357E-05    0.5040679509089386E-03   -0.2650173441618275E-05
 0.2675211666140708E-05    0.5301999530070158E-03   -0.2932068476141449E-05
 0.2813837589769559E-05    0.5576713720834514E-03   -0.3243768900933498E-05
 0.2959571016489000E-05    0.5865508166578488E-03   -0.3588416088790985E-05
 0.3112776355774981E-05    0.6169104023691178E-03   -0.3969481826920936E-05
 0.3273836700776816E-05    0.6488259300869452E-03   -0.4390802999699752E-05
 0.3443154786249595E-05    0.6823770728800240E-03   -0.4856619900323274E-05
 0.3621153995600854E-05    0.7176475722507027E-03   -0.5371618548656788E-05
 0.3808279419569616E-05    0.7547254440595911E-03   -0.5940977431304073E-05
 0.4004998969185085E-05    0.7937031945770999E-03   -0.6570419122480037E-05
 0.4211804545787937E-05    0.8346780471116650E-03   -0.7266267291050509E-05
 0.4429213271039894E-05    0.8777521796763001E-03   -0.8035509650480003E-05
 0.4657768779997231E-05    0.9230329741659111E-03   -0.8885867464816676E-05
 0.4898042580481593E-05    0.9706332775269738E-03   -0.9825872285683268E-05
 0.5150635482147220E-05    0.1020671675408550E-02   -0.1086495066300079E-04
 0.5416179098818047E-05    0.1073272778788545E-02   -0.1201351764634256E-04
 0.5695337427851240E-05    0.1128567524071115E-02   -0.1328307997491495E-04
 0.5988808510476464E-05    0.1186693487149580E-02   -0.1468634994272629E-04
 0.6297326177262543E-05    0.1247795211923307E-02   -0.1623737102208535E-04
 0.6621661883076117E-05    0.1312024553745927E-02   -0.1795165643372494E-04
 0.6962626636120645E-05    0.1379541038264954E-02   -0.1984634196612484E-04
 0.7321073025879346E-05    0.1450512236088127E-02   -0.2194035447054751E-04
 0.7697897355033002E-05    0.1525114153678333E-02   -0.2425459759239649E-04
 0.8094041880683526E-05    0.1603531640835235E-02   -0.2681215644419732E-04
 0.8510497170487513E-05    0.1685958815065646E-02   -0.2963852308112669E-04
 0.8948304579591345E-05    0.1772599503074725E-02   -0.3276184480679205E-04
 0.9408558854561478E-05    0.1863667699523198E-02   -0.3621319751491524E-04
 0.9892410870821081E-05    0.1959388043089937E-02   -0.4002688646148974E-04
 0.1040107051043806E-04    0.2059996309750768E-02   -0.4424077706131264E-04
 0.1093580968746044E-04    0.2165739923030363E-02   -0.4889665851158102E-04
 0.1149796552836397E-04    0.2276878480799976E-02   -0.5404064326196649E-04
 0.1208894371556481E-04    0.2393684297975937E-02   -0.5972360557303543E-04
 0.1271022200235775E-04    0.2516442964216571E-02   -0.6600166262995109E-04
 0.1336335390806918E-04    0.2645453915413861E-02   -0.7293670190187089E-04
 0.1404997260266460E-04    0.2781031017424127E-02   -0.8059695865368127E-04
 0.1477179499052420E-04    0.2923503160073383E-02   -0.8905764771833991E-04
 0.1553062600359813E-04    0.3073214859000422E-02   -0.9840165381551624E-04
 0.1632836311467648E-04    0.3230526862357218E-02   -0.1087202848432106E-03
 0.1716700108205966E-04    0.3395816758764065E-02   -0.1201140926579325E-03
 0.1804863693749314E-04    0.3569479582208678E-02   -0.1326937658762084E-03
 0.1897547522983911E-04    0.3751928408776992E-02   -0.1465810991508496E-03
 0.1994983353759693E-04    0.3943594939202341E-02   -0.1619100431688135E-03
 0.2097414826405659E-04    0.4144930060214057E-02   -0.1788278392451654E-03
 0.2205098072957594E-04    0.4356404376553900E-02   -0.1974962418023373E-03
 0.2318302357621577E-04    0.4578508704310386E-02   -0.2180928311670695E-03
 0.2437310750074745E-04    0.4811754514903130E-02   -0.2408124179175374E-03
 0.2562420833286936E-04    0.5056674317645821E-02   -0.2658685383825481E-03
 0.2693945447633111E-04    0.5313821967351799E-02   -0.2934950387266267E-03
 0.2832213473157248E-04    0.5583772881957423E-02   -0.3239477422196349E-03
 0.2977570651943756E-04    0.5867124153684146E-02   -0.3575061906305686E-03
 0.3130380452652774E-04    0.6164494535919449E-02   -0.3944754460132155E-03
 0.3291024979381145E-04    0.6476524286886279E-02   -0.4351879332395656E-03
 0.3459905927121687E-04    0.6803874850443493E-02   -0.4800052962136346E-03
 0.3637445586209909E-04    0.7147228354228290E-02   -0.5293202314404596E-03
 0.3824087898269810E-04    0.7507286906093509E-02   -0.5835582511493678E-03
 0.4020299566299177E-04    0.7884771671772877E-02   -0.6431793140257234E-03
 0.4226571221670179E-04    0.8280421720402584E-02   -0.7086792442632048E-03
 0.4443418650963349E-04    0.8694992630542332E-02   -0.7805908384961865E-03
 0.4671384085702703E-04    0.9129254858448496E-02   -0.8594845345063139E-03
 0.4911037558216980E-04    0.9583991883519292E-02   -0.9459684846256241E-03
 0.5162978327017385E-04    0.1005999816425574E-01   -0.1040687839608413E-02
 0.5427836375256006E-04    0.1055807696321124E-01   -0.1144323004496433E-02
 0.5706273986011834E-04    0.1107903813297090E-01   -0.1257586575767963E-02
 0.5998987398343435E-04    0.1162369599919715E-01   -0.1381218608141219E-02
 0.6306708548249245E-04    0.1219286753338950E-01   -0.1515979789618652E-02
 0.6630206898888816E-04    0.1278737107941196E-01   -0.1662642025715686E-02
 0.6970291364641513E-04    0.1340802598577423E-01   -0.1821975851864405E-02
 0.7327812333813805E-04    0.1405565360048264E-01   -0.1994734015503267E-02
 0.7703663795052979E-04    0.1473108020407082E-01   -0.2181630515964339E-02
 0.8098785572784418E-04    0.1543514257923386E-01   -0.2383314402324001E-02
 0.8514165677262189E-04    0.1616869701762885E-01   -0.2600337792162254E-02
 0.8950842775109324E-04    0.1693263259221122E-01   -0.2833118057692409E-02
 0.9409908786525382E-04    0.1772788936797061E-01   -0.3081895254691759E-02
 0.9892511615655710E-04    0.1855548168275079E-01   -0.3346688208500867E-02
 0.1039985802094972E-03    0.1941652537859827E-01   -0.3627257008451573E-02
 0.1093321663268559E-03    0.2031226555340847E-01   -0.3923086442225967E-02
 0.1149392112520675E-03    0.2124409817669727E-01   -0.4233412123304955E-02
 0.1208337355180243E-03    0.2221357662609519E-01   -0.4557310428156900E-02
 0.1270304785057119E-03    0.2322239701017274E-01   -0.4893851292491113E-02
 0.1335449353003386E-03    0.2427236631265160E-01   -0.5242270594753483E-02
 0.1403933954371200E-03    0.2536536787973924E-01   -0.5602093887005498E-02
 0.1475929836336018E-03    0.2650333833787778E-01   -0.5973171663560225E-02
 0.1551617026103730E-03    0.2768825970233880E-01   -0.6355641347716788E-02
 0.1631184781072453E-03    0.2892216189232868E-01   -0.6749858299914055E-02
 0.1714832062074601E-03    0.3020712948302654E-01   -0.7156328960412175E-02
 0.1802768030882603E-03    0.3154530887321424E-01   -0.7575659883598270E-02
 0.1895212573222279E-03    0.3293891435770153E-01   -0.8008523798798789E-02
 0.1992396848601690E-03    0.3439023284009007E-01   -0.8455639035156304E-02
 0.2094563868330313E-03    0.3590162739493478E-01   -0.8917758020481777E-02
 0.2201969103173893E-03    0.3747553998251841E-01   -0.9395661411083419E-02
 0.2314881122164428E-03    0.3911449357544308E-01   -0.9890155477966921E-02
 0.2433582264162638E-03    0.4082109387496254E-01   -0.1040207126247295E-01
 0.2558369343852183E-03    0.4259803072215628E-01   -0.1093226463152081E-01
 0.2689554393930972E-03    0.4444807925328217E-01   -0.1148161675701602E-01
 0.2827465445355445E-03    0.4637410081175594E-01   -0.1205103477297271E-01
 0.2972447347588821E-03    0.4837904360572609E-01   -0.1264145248944335E-01
 0.3124862630904384E-03    0.5046594308593556E-01   -0.1325383110533421E-01
 0.3285092412899997E-03    0.5263792200941292E-01   -0.1388915989177018E-01
 0.3453537351490618E-03    0.5489819014807043E-01   -0.1454845683021545E-01
 0.3630618646761771E-03    0.5725004359584202E-01   -0.1523276919409810E-01
 0.3816779094189163E-03    0.5969686362299478E-01   -0.1594317406396706E-01
 0.4012484191858008E-03    0.6224211502081090E-01   -0.1668077876570968E-01
 0.4218223304450712E-03    0.6488934387457514E-01   -0.1744672122084475E-01
 0.4434510886913474E-03    0.6764217469643884E-01   -0.1824217019635832E-01
 0.4661887770861622E-03    0.7050430684373299E-01   -0.1906832544079568E-01
 0.4900922516940355E-03    0.7347951014092580E-01   -0.1992641769143536E-01
 0.5152212836522509E-03    0.7657161961633370E-01   -0.2081770853632608E-01
 0.5416387086298322E-03    0.7978452925637558E-01   -0.2174349011299856E-01
 0.5694105839494456E-03    0.8312218467175130E-01   -0.2270508462415950E-01
 0.5986063537651136E-03    0.8658857456059445E-01   -0.2370384364865081E-01
 0.6292990227087730E-03    0.9018772084387405E-01   -0.2474114722401265E-01
 0.6615653384398801E-03    0.9392366733780112E-01   -0.2581840267478318E-01
 0.6954859835545361E-03    0.9780046681687607E-01   -0.2693704315836014E-01
 0.7311457773340025E-03    0.1018221663093931E+00   -0.2809852589775907E-01
 0.7686338878370852E-03    0.1059927904547528E+00   -0.2930433006795780E-01
 0.8080440548667263E-03    0.1103163227388057E+00   -0.3055595429969820E-01
 0.8494748243683396E-03    0.1147966844096830E+00   -0.3185491376162987E-01
 0.8930297948460028E-03    0.1194377108622002E+00   -0.3320273677851892E-01
 0.9388178764126811E-03    0.1242431252639995E+00   -0.3460096093991822E-01
 0.9869535631222379E-03    0.1292165091811817E+00   -0.3605112865019756E-01
 0.1037557219264207E-02    0.1343612699453640E+00   -0.3755478206717804E-01
 0.1090755380337209E-02    0.1396806044880215E+00   -0.3911345737281250E-01
 0.1146681069453613E-02    0.1451774593517320E+00   -0.4072867831541982E-01
 0.1205474129966599E-02    0.1508544865717908E+00   -0.4240194895893162E-01
 0.1267281575151388E-02    0.1567139951057528E+00   -0.4413474557048020E-01
 0.1332257955815003E-02    0.1627578974731344E+00   -0.4592850757347383E-01
 0.1400565746753787E-02    0.1689876512530526E+00   -0.4778462748911626E-01
 0.1472375753025026E-02    0.1754041950744132E+00   -0.4970443978518176E-01
 0.1547867537048561E-02    0.1820078787218468E+00   -0.5168920854682330E-01
 0.1627229867606365E-02    0.1887983869714872E+00   -0.5374011388033830E-01
 0.1710661191862824E-02    0.1957746567645440E+00   -0.5585823695724513E-01
 0.1798370131586015E-02    0.2029347873241923E+00   -0.5804454360283612E-01
 0.1890576004810793E-02    0.2102759428234635E+00   -0.6029986633069324E-01
 0.1987509374248114E-02    0.2177942472195946E+00   -0.6262488472263808E-01
 0.2089412623811908E-02    0.2254846708848278E+00   -0.6502010405240140E-01
 0.2196540564705118E-02    0.2333409086862793E+00   -0.6748583205113705E-01
 0.2309161072580428E-02    0.2413552491997425E+00   -0.7002215371400419E-01
 0.2427555757368930E-02    0.2495184347858120E+00   -0.7262890404964448E-01
 0.2552020667451633E-02    0.2578195123135081E+00   -0.7530563867879428E-01
 0.2682867029934619E-02    0.2662456743887395E+00   -0.7805160219481205E-01
 0.2820422028878922E-02    0.2747820910348845E+00   -0.8086569420794178E-01
 0.2965029623431102E-02    0.2834117318831831E+00   -0.8374643300708742E-01
 0.3117051407900273E-02    0.2921151790644007E+00   -0.8669191678818777E-01
 0.3276867515932217E-02    0.3008704311536129E+00   -0.8969978241746604E-01
 0.3444877571041508E-02    0.3096526987103990E+00   -0.9276716172142146E-01
 0.3621501685878449E-02    0.3184341921810503E+00   -0.9589063532403622E-01
 0.3807181512729525E-02    0.3271839031915389E+00   -0.9906618408591379E-01
 0.4002381347878166E-02    0.3358673805642897E+00   -0.1022891382406534E+00
 0.4207589292587296E-02    0.3444465027426173E+00   -0.1055541243713891E+00
 0.4423318473606734E-02    0.3528792487086482E+00   -0.1088550104258727E+00
 0.4650108326257341E-02    0.3611194699382417E+00   -0.1121848490324978E+00
 0.4888525943300301E-02    0.3691166664544196E+00   -0.1155358194530855E+00
 0.5139167492964413E-02    0.3768157706234377E+00   -0.1188991685918189E+00
 0.5402659709677190E-02    0.3841569429888838E+00   -0.1222651515742293E+00
 0.5679661461227380E-02    0.3910753851624174E+00   -0.1256229725162968E+00
 0.5970865396277627E-02    0.3975011755874139E+00   -0.1289607262221754E+00
 0.6276999676346912E-02    0.4033591348651934E+00   -0.1322653416803141E+00
 0.6598829796593634E-02    0.4085687282822472E+00   -0.1355225283721800E+00
 0.6937160499952235E-02    0.4130440141985345E+00   -0.1387167265655530E+00
 0.7292837789409701E-02    0.4166936480463789E+00   -0.1418310629353287E+00
 0.7666751043453704E-02    0.4194209528382729E+00   -0.1448473130384483E+00
 0.8059835239982070E-02    0.4211240682777567E+00   -0.1477458723651492E+00
 0.8473073294234534E-02    0.4216961917922554E+00   -0.1505057378945133E+00
 0.8907498516592817E-02    0.4210259260391416E+00   -0.1531045022967978E+00
 0.9364197196394806E-02    0.4189977486416178E+00   -0.1555183631441618E+00
 0.9844311318223727E-02    0.4154926210592333E+00   -0.1577221497136329E+00
 0.1034904141746443E-01    0.4103887545279923E+00   -0.1596893701830139E+00
 0.1087964958226718E-01    0.4035625518777259E+00   -0.1613922822308449E+00
 0.1143746260942544E-01    0.3948897446557277E+00   -0.1628019902415859E+00
 0.1202387532205893E-01    0.3842467452988688E+00   -0.1638885724845519E+00
 0.1264035405739798E-01    0.3715122339775545E+00   -0.1646212417617779E+00
 0.1328844033339037E-01    0.3565689990945289E+00   -0.1649685430985676E+00
 0.1396975470329914E-01    0.3393060491131094E+00   -0.1648985920607199E+00
 0.1468600080792988E-01    0.3196210112815516E+00   -0.1643793572094206E+00
 0.1543896963562008E-01    0.2974228297462949E+00   -0.1633789900258302E+00
 0.1623054400064294E-01    0.2726347713390602E+00   -0.1618662053303767E+00
 0.1706270325122367E-01    0.2451977417969142E+00   -0.1598107147603624E+00
 0.1793752821894113E-01    0.2150739081440084E+00   -0.1571837152264137E+00
 0.1885720642189058E-01    0.1822506142412023E+00   -0.1539584334141269E+00
 0.1982403753461838E-01    0.1467445659197733E+00   -0.1501107263030116E+00
 0.2084043913850618E-01    0.1086062495000452E+00   -0.1456197363115151E+00
 0.2190895276698367E-01    0.6792453273882598E-01   -0.1404685980202109E+00
 0.2303225026068591E-01    0.2483138027824762E-01   -0.1346451914540190E+00
 0.2421314044844671E-01   -0.2049340350332621E-01   -0.1281429346091875E+00
 0.2545457617083370E-01   -0.6781751261633838E-01   -0.1209616052905834E+00
 0.2675966166378783E-01   -0.1168516900895103E+00   -0.1131081793989710E+00
 0.2813166032083016E-01   -0.1672456472884743E+00   -0.1045976696116210E+00
 0.2957400285324549E-01   -0.2185845337091664E+00   -0.9545394499642151E-01
 0.3109029586864752E-01   -0.2703861648255125E+00   -0.8571050857770945E-01
 0.3268433088937651E-01   -0.3220992405671613E+00   -0.7541120635222699E-01
 0.3436009383328007E-01   -0.3731028099711986E+00   -0.6461083788607908E-01
 0.3612177498058387E-01   -0.4227072569993347E+00   -0.5337563558936704E-01
 0.3797377945177492E-01   -0.4701570966917440E+00   -0.4178357727024926E-01
 0.3992073822269722E-01   -0.5146358777463148E+00   -0.2992449483982365E-01
 0.4196751970440363E-01   -0.5552734850583037E+00   -0.1789994130755629E-01
 0.4411924191671926E-01   -0.5911561213473256E+00   -0.5822778706154537E-02
 0.4638128528595697E-01   -0.6213392182484576E+00    0.6183548468670372E-02
 0.4875930609878561E-01   -0.6448634816397446E+00    0.1798608613443032E-01
 0.5125925064589297E-01   -0.6607742110958994E+00    0.2944381627176334E-01
 0.5388737009080979E-01   -0.6681439469967417E+00    0.4040949453329318E-01
 0.5665023610107465E-01   -0.6660983891683976E+00    0.5073188975815260E-01
 0.5955475728082583E-01   -0.6538453967914677E+00    0.6025842410639210E-01
 0.6260819644591026E-01   -0.6307067203278871E+00    0.6883819930326482E-01
 0.6581818878470604E-01   -0.5961519332434309E+00    0.7632537929521244E-01
 0.6919276095007051E-01   -0.5498338267530557E+00    0.8258288252083307E-01
 0.7274035113015324E-01   -0.4916243091455978E+00    0.8748631809154525E-01
 0.7646983014826163E-01   -0.4216496194282549E+00    0.9092807964611191E-01
 0.8039052364453982E-01   -0.3403234330839891E+00    0.9282148884578313E-01
 0.8451223539492653E-01   -0.2483762190790102E+00    0.9310485803092959E-01
 0.8884527182570151E-01   -0.1468790189828687E+00    0.9174531948222434E-01
 0.9340046778491957E-01   -0.3725968166855683E-01    0.8874224853441165E-01
 0.9818921363517440E-01    0.7869047614626443E-01    0.8413009158570618E-01
 0.1032234837354379E+00    0.1988215776962426E+00    0.7798040048997318E-01
 0.1085158663831950E+00    0.3206434983680934E+00    0.7040287498900313E-01
 0.1140795952917440E+00    0.4413591177575065E+00    0.6154522788184818E-01
 0.1199285826813733E+00    0.5579135911688752E+00    0.5159171625592415E-01
 0.1260774540671584E+00    0.6670601070175792E+00    0.4076022796121193E-01
 0.1325415848303679E+00    0.7654418378279658E+00    0.2929787549819048E-01
 0.1393371386649252E+00    0.8496889150017528E+00    0.1747512723107592E-01
 0.1464811079950624E+00    0.9165283029930834E+00    0.5578593439735199E-02
 0.1539913564652325E+00    0.9629034708693067E+00   -0.6097324969691007E-02
 0.1618866636085246E+00    0.9860998195527109E+00   -0.1725963288132445E-01
 0.1701867718052788E+00    0.9838709833625060E+00   -0.2762642056579545E-01
 0.1789124356493201E+00    0.9545604414961844E+00   -0.3693661673639458E-01
 0.1880854738452541E+00    0.8972123956693853E+00   -0.4495938381137209E-01
 0.1977288237665927E+00    0.8116656303737793E+00   -0.5150272916893477E-01
 0.2078665988111361E+00    0.6986241002808208E+00   -0.5642093405088776E-01
 0.2185241486970266E+00    0.5596983122309500E+00   -0.5962044584141974E-01
 0.2297281228502490E+00    0.3974122198062759E+00   -0.6106393224333541E-01
 0.2415065370420756E+00    0.2151713699474164E+00   -0.6077225181964432E-01
 0.2538888434430882E+00    0.1718948342172162E-01   -0.5882415311156280E-01
 0.2669060042689446E+00   -0.1916274430653508E+00   -0.5535357816919621E-01
 0.2805905692020456E+00   -0.4058380460136253E+00   -0.5054452453385314E-01
 0.2949767567826956E+00   -0.6196592515726310E+00   -0.4462352278643729E-01
 0.3101005399732767E+00   -0.8271893529230965E+00   -0.3784992188438985E-01
 0.3259997361093921E+00   -0.1022650118376700E+01   -0.3050434053781143E-01
 0.3427141014629037E+00   -0.1200634840311695E+01   -0.2287582675156691E-01
 0.3602854306533192E+00   -0.1356347322204348E+01   -0.1524844390383564E-01
 0.3787576611561113E+00   -0.1485816078852696E+01   -0.7888136309156205E-02
 0.3981769831692922E+00   -0.1586068786136198E+01   -0.1030785310549406E-02
 0.4185919551129680E+00   -0.1655254357541627E+01    0.5127677236313755E-02
 0.4400536250506819E+00   -0.1692703793870956E+01    0.1043838574352756E-01
 0.4626156583361626E+00   -0.1698925754207397E+01    0.1480342618524382E-01
 0.4863344718046623E+00   -0.1675538052787929E+01    0.1817633983176032E-01
 0.5112693748444305E+00   -0.1625141347128260E+01    0.2055941993935087E-01
 0.5374827177010773E+00   -0.1551145549330410E+01    0.2199826348333237E-01
 0.5650400473856650E+00   -0.1457562527286088E+01    0.2257425035445953E-01
 0.5940102715763773E+00   -0.1348780251219006E+01    0.2239573333319816E-01
 0.6244658309236064E+00   -0.1229333696857053E+01    0.2158873205001284E-01
 0.6564828801893130E+00   -0.1103686733734672E+01    0.2028784925795611E-01
 0.6901414786735977E+00   -0.9760372032366228E+00    0.1862799511691782E-01
 0.7255257904046520E+00   -0.8501547479228521E+00    0.1673734453231580E-01
 0.7627242945926684E+00   -0.7292579781737474E+00    0.1473178938821104E-01
 0.8018300068739527E+00   -0.6159344802433027E+00    0.1271099913461861E-01
 0.8429407118984635E+00   -0.5121041513645671E+00    0.1075607828575413E-01
 0.8861592078423725E+00   -0.4190235307662765E+00    0.8928709891238375E-02
 0.9315935634570484E+00   -0.3373263123372353E+00    0.7271598319792228E-02
 0.9793573882972270E+00   -0.2670932140237528E+00    0.5809970469762692E-02
 0.1029570116804074E+01   -0.2079429792698419E+00    0.4553860593484648E-02
 0.1082357306953498E+01   -0.1591356100699364E+00    0.3500890395630037E-02
 0.1137850954216494E+01   -0.1196790349813291E+00    0.2639263391455135E-02
 0.1196189821616567E+01   -0.8843127008099112E-01    0.1950720107774135E-02
 0.1257519786709578E+01   -0.6419161404273319E-01    0.1413245855552924E-02
 0.1321994206353610E+01   -0.4577632729504662E-01    0.1003380351164605E-02
 0.1389774300181000E+01   -0.3207632827329050E-01    0.6980414381537139E-03
 0.1461029553731390E+01   -0.2209644088576338E-01    0.4758360191804127E-03
 0.1535938142253860E+01   -0.1497742788538726E-01    0.3178833684180740E-03
 0.1614687376237858E+01   -0.1000329579169705E-01    0.2082146077236478E-03
 0.1697474169786987E+01   -0.6597093491747189E-02    0.1338352638915650E-03
 0.1784505533006835E+01   -0.4308665081660593E-02    0.8454601525958045E-04
 0.1875999089638066E+01   -0.2797638362735506E-02    0.5261251910070109E-04
 0.1972183621229121E+01   -0.1814453037931684E-02    0.3236227719274573E-04
 0.2073299639209264E+01   -0.1181588752338882E-02    0.1976882237250545E-04
 0.2179599986292427E+01   -0.7764640905434656E-03    0.1206465303589651E-04
 0.2291350468715695E+01   -0.5168391165282320E-03    0.7407006844562149E-05
 0.2408830520893354E+01   -0.3490284625494689E-03    0.4606425471159269E-05
 0.2532333904148474E+01   -0.2388484430504617E-03    0.2917824741165784E-05
 0.2662169441269232E+01   -0.1649811446275635E-03    0.1887382507738138E-05
 0.2798661788726742E+01   -0.1143219643214009E-03    0.1245412790415847E-05
 0.2942152248485335E+01   -0.7885479833853326E-04    0.8346805275395927E-06
 0.3092999621435251E+01   -0.5363838645406592E-04    0.5644607006171375E-06
 0.3251581104581752E+01   -0.3555876537051198E-04    0.3823020961591753E-06
 0.3418293234234111E+01   -0.2258364424927991E-04    0.2573497299359957E-06
 0.3593552877552928E+01   -0.1332987924459679E-04    0.1708452633563815E-06
 0.3777798274935171E+01   -0.6817347472169527E-05    0.1108757125425026E-06
 0.3971490135843438E+01   -0.2329129685990271E-05    0.6952500659533963E-07
 0.4175112790819585E+01    0.6698118858990921E-06    0.4133052245254508E-07
 0.4389175402563355E+01    0.2582483344467630E-05    0.2242615195148754E-07
 0.4614213239104344E+01    0.3712746670994756E-05    0.1004084627534251E-07
 0.4850789012250877E+01    0.4288699374618075E-05    0.2183174616444866E-08
 0.5099494284662639E+01    0.4480265898781675E-05   -0.2572059511632111E-08
 0.5360950949065451E+01    0.4412862007738181E-05   -0.5236334085771681E-08
 0.5635812783307012E+01    0.4178121977273385E-05   -0.6519870702617270E-08
 0.5924767085142062E+01    0.3842290269009428E-05   -0.6915473055043402E-08
 0.6228536390834766E+01    0.3452710546231360E-05   -0.6760857909380895E-08
 0.6547880281875716E+01    0.3042766355026937E-05   -0.6284500523321894E-08
 0.6883597284331323E+01    0.2635581455494028E-05   -0.5638850102890899E-08
 0.7236526865574901E+01    0.2246749664012787E-05   -0.4923990389025414E-08
 0.7607551533392368E+01    0.1886326245878227E-05   -0.4204210062241438E-08
 0.7997599042711387E+01    0.1560273963200490E-05   -0.3519432985105135E-08
 0.8407644715471930E+01    0.1271518426722936E-05   -0.2893013404215439E-08
 0.8838713879439149E+01    0.1020731061932728E-05   -0.2337027087814009E-08
 0.9291884432056865E+01    0.8069260423251201E-06   -0.1855875498535376E-08
 0.9768289535752617E+01    0.6279304028969875E-06   -0.1448778684679070E-08
 0.1026912045143399E+02    0.4807656597356503E-06   -0.1111537966347211E-08
 0.1079562951726135E+02    0.3619633126934290E-06   -0.8378203805582028E-09
 0.1134913328014559E+02    0.2678264019948773E-06   -0.6201140520084488E-09
 0.1193101578780117E+02    0.1946426775925612E-06   -0.4504474842630746E-09
 0.1254273204958628E+02    0.1388518398558183E-06   -0.3209280044049325E-09
 0.1318581167478415E+02    0.9716906824137602E-07   -0.2241220079340667E-09
 0.1386186269742300E+02    0.6666623685813038E-07   -0.1533221446228388E-09
 0.1457257559719868E+02    0.4481655750598946E-07   -0.1026775745922624E-09
 0.1531972752655444E+02    0.2950464216717601E-07   -0.6727823007287747E-10
 0.1610518675448773E+02    0.1901356248729785E-07   -0.4309913750714063E-10
 0.1693091733819582E+02    0.1198839184132163E-07   -0.2699187101104329E-10
 0.1779898403424185E+02    0.7394067908261153E-08   -0.1650290382409787E-10
 0.1871155746152166E+02    0.4458884767877322E-08   -0.9869943271352850E-11
 0.1967091952894174E+02    0.2630128355169243E-08   -0.5739317556953362E-11
 0.2067946914138002E+02    0.1515028498157968E-08   -0.3296848968481149E-11
 0.2173972819819762E+02    0.8560068391902070E-09   -0.1787468889016754E-11
 0.2285434789930087E+02    0.4687520813442983E-09   -0.9844061734482143E-12
 0.2402611537452199E+02    0.2561878202117619E-09   -0.4650150392166143E-12
