 0.0000000000000000E+00    0.0000000000000000E+00    0.0000000000000000E+00
 0.1464888467886403E-08    0.2799711423309418E-07   -0.4303991588443834E-10
 0.3004883373589934E-08    0.5921245629833207E-07   -0.6238029374667869E-10
 0.4623835506522379E-08    0.9067037350199606E-07   -0.3304519900411571E-10
 0.6325793090290573E-08    0.1240947907822595E-06   -0.2622587102894362E-10
 0.8115011905364052E-08    0.1592025716874340E-06   -0.2184270541461282E-10
 0.9995965930742960E-08    0.1960978822993418E-06   -0.1957654324724525E-10
 0.1197335853123594E-07    0.2348958767599471E-06   -0.1882723384160514E-10
 0.1405213421832203E-07    0.2756779779586450E-06   -0.1909874558620967E-10
 0.1623749101400485E-07    0.3185500612937377E-06   -0.2027848299846012E-10
 0.1853489344857512E-07    0.3636211537973465E-06   -0.2233390388672281E-10
 0.2095008622478276E-07    0.4110028964336028E-06   -0.2523127947639382E-10
 0.2348910858258601E-07    0.4608139060375996E-06   -0.2900406119249486E-10
 0.2615830940039708E-07    0.5131788231563409E-06   -0.3370218227718784E-10
 0.2896436307058510E-07    0.5682285394417803E-06   -0.3939893123475331E-10
 0.3191428618893363E-07    0.6261007121471988E-06   -0.4618577528979810E-10
 0.3501545509978486E-07    0.6869400577684200E-06   -0.5417203166259805E-10
 0.3827562434074268E-07    0.7508987029059565E-06   -0.6348439450497283E-10
 0.4170294603305579E-07    0.8181365782938627E-06   -0.7426768341001623E-10
 0.4530599026616714E-07    0.8888218135687297E-06   -0.8668575354256079E-10
 0.4909376652740141E-07    0.9631311585528341E-06   -0.1009229230718718E-09
 0.5307574623037623E-07    0.1041250425219487E-05   -0.1171856821281366E-09
 0.5726188639846966E-07    0.1123374952357125E-05   -0.1357047306991480E-09
 0.6166265456256494E-07    0.1209710093925111E-05   -0.1567373159768340E-09
 0.6628905493533010E-07    0.1300471732605705E-05   -0.1805698855416738E-09
 0.7115265592748138E-07    0.1395886819586919E-05   -0.2075210683520466E-09
 0.7626561907483577E-07    0.1496193942064408E-05   -0.2379450077544264E-09
 0.8164072944848522E-07    0.1601643919822009E-05   -0.2722350742008337E-09
 0.8729142762413383E-07    0.1712500432405189E-05   -0.3108279920740158E-09
 0.9323184329053795E-07    0.1829040678446402E-05   -0.3542084194594672E-09
 0.9947683058108790E-07    0.1951556068794857E-05   -0.4029140255245616E-09
 0.1060420052168787E-06    0.2080352955181648E-05   -0.4575411154213972E-09
 0.1129437835541465E-06    0.2215753396242857E-05   -0.5187508586320612E-09
 0.1201994236337104E-06    0.2358095962815345E-05   -0.5872761829853013E-09
 0.1278270683350633E-06    0.2507736584518584E-05   -0.6639294034662041E-09
 0.1358457907430214E-06    0.2665049439738853E-05   -0.7496106624713454E-09
 0.1442756418403704E-06    0.2830427891240675E-05   -0.8453172664373480E-09
 0.1531377006457672E-06    0.3004285469744278E-05   -0.9521540128460418E-09
 0.1624541269222654E-06    0.3187056907927749E-05   -0.1071344611634763E-08
 0.1722482165882662E-06    0.3379199227438499E-05   -0.1204244316075077E-08
 0.1825444599694479E-06    0.3581192881631007E-05   -0.1352353890370201E-08
 0.1933686030373371E-06    0.3793542956887058E-05   -0.1517335054674404E-08
 0.2047477117876480E-06    0.4016780435520888E-05   -0.1701027563093517E-08
 0.2167102399193693E-06    0.4251463523425464E-05   -0.1905468086637860E-08
 0.2292860999838330E-06    0.4498179045777699E-05   -0.2132911091230480E-08
 0.2425067381816732E-06    0.4757543914290283E-05   -0.2385851920907064E-08
 0.2564052129947074E-06    0.5030206669676295E-05   -0.2667052318481537E-08
 0.2710162778493604E-06    0.5316849103180464E-05   -0.2979568640413899E-08
 0.2863764680183328E-06    0.5618187961228054E-05   -0.3326783049650130E-08
 0.3025241919778125E-06    0.5934976737449691E-05   -0.3712438000078709E-08
 0.3194998274486721E-06    0.6268007556558124E-05   -0.4140674359263270E-08
 0.3373458223618025E-06    0.6618113154781935E-05   -0.4616073552596841E-08
 0.3561068010000500E-06    0.6986168961801563E-05   -0.5143704152344783E-08
 0.3758296755821676E-06    0.7373095289385872E-05   -0.5729173379604554E-08
 0.3965637635677972E-06    0.7779859632192929E-05   -0.6378684036456009E-08
 0.4183609109768069E-06    0.8207479086477744E-05   -0.7099097439998888E-08
 0.4412756220313464E-06    0.8657022892742796E-05   -0.7898002990117888E-08
 0.4653651954447920E-06    0.9129615108675143E-05   -0.8783795069281869E-08
 0.4906898676983756E-06    0.9626437419037334E-05   -0.9765758046135691E-08
 0.5173129636637640E-06    0.1014873208951928E-04   -0.1085416023581505E-07
 0.5453010549482219E-06    0.1069780507191487E-04   -0.1206035775961659E-07
 0.5747241263583063E-06    0.1127502926836214E-04   -0.1339690934578306E-07
 0.6056557508983357E-06    0.1188184796277917E-04   -0.1487770322270524E-07
 0.6381732737412239E-06    0.1251977842804116E-04   -0.1651809737689171E-07
 0.6723580056316995E-06    0.1319041571787801E-04   -0.1833507458182059E-07
 0.7082954262055200E-06    0.1389543665292669E-04   -0.2034741375159790E-07
 0.7460753977330867E-06    0.1463660401085104E-04   -0.2257587933667629E-07
 0.7857923898219268E-06    0.1541577093094260E-04   -0.2504343065936302E-07
 0.8275457156399195E-06    0.1623488554414216E-04   -0.2777545328626123E-07
 0.8714397802499461E-06    0.1709599583997356E-04   -0.3080001475512702E-07
 0.9175843416769288E-06    0.1800125478245939E-04   -0.3414814721707619E-07
 0.9660947853600637E-06    0.1895292568769497E-04   -0.3785415982405387E-07
 0.1017092412676520E-05    0.1995338787639217E-04   -0.4195598398865680E-07
 0.1070704744258067E-05    0.2100514261537040E-04   -0.4649555497171523E-07
 0.1127065838859076E-05    0.2211081936266916E-04   -0.5151923361574816E-07
 0.1186316628573230E-05    0.2327318233168637E-04   -0.5707827244308870E-07
 0.1248605271237174E-05    0.2449513739050974E-04   -0.6322933078008878E-07
 0.1314087520902274E-05    0.2577973931340709E-04   -0.7003504405771814E-07
 0.1382927117300871E-05    0.2713019940227560E-04   -0.7756465297888296E-07
 0.1455296195280908E-05    0.2854989349672109E-04   -0.8589469883920597E-07
 0.1531375715232703E-05    0.3004237039234803E-04   -0.9510979194668283E-07
 0.1611355915584188E-05    0.3161136068778864E-04   -0.1053034608129942E-06
 0.1695436788496068E-05    0.3326078608198742E-04   -0.1165790905924136E-06
 0.1783828579946393E-05    0.3499476914428520E-04   -0.1290509601310133E-06
 0.1876752315455018E-05    0.3681764358091507E-04   -0.1428453879678361E-06
 0.1974440352762524E-05    0.3873396502263152E-04   -0.1581019987103403E-06
 0.2077136962845610E-05    0.4074852235934412E-04   -0.1749751223991273E-06
 0.2185098940721755E-05    0.4286634964881515E-04   -0.1936353407931747E-06
 0.2298596247570535E-05    0.4509273862771065E-04   -0.2142711959590841E-06
 0.2417912685777177E-05    0.4743325185455788E-04   -0.2370910781499797E-06
 0.2543346608586357E-05    0.4989373651546436E-04   -0.2623253117268091E-06
 0.2675211666140708E-05    0.5248033892478541E-04   -0.2902284598234470E-06
 0.2813837589769559E-05    0.5519951975428829E-04   -0.3210818706053334E-06
 0.2959571016489000E-05    0.5805807002574525E-04   -0.3551964903392270E-06
 0.3112776355774981E-05    0.6106312790328846E-04   -0.3929159711006821E-06
 0.3273836700776816E-05    0.6422219632327035E-04   -0.4346201038196827E-06
 0.3443154786249595E-05    0.6754316150078270E-04   -0.4807286105292316E-06
 0.3621153995600854E-05    0.7103431235338435E-04   -0.5317053331645433E-06
 0.3808279419569616E-05    0.7470436088396163E-04   -0.5880628600921650E-06
 0.4004998969185085E-05    0.7856246356597200E-04   -0.6503676357616662E-06
 0.4211804545787937E-05    0.8261824377558826E-04   -0.7192456035029327E-06
 0.4429213271039894E-05    0.8688181531643912E-04   -0.7953884365776298E-06
 0.4657768779997231E-05    0.9136380708370485E-04   -0.8795604181749719E-06
 0.4898042580481593E-05    0.9607538891524101E-04   -0.9726060371630682E-06
 0.5150635482147220E-05    0.1010282986781269E-03   -0.1075458373114115E-05
 0.5416179098818047E-05    0.1062348706395256E-03   -0.1189148351463418E-05
 0.5695337427851240E-05    0.1117080651709424E-03   -0.1314814957689765E-05
 0.5988808510476464E-05    0.1174614998348112E-03   -0.1453716508171193E-05
 0.6297326177262543E-05    0.1235094819017576E-03   -0.1607243084930128E-05
 0.6621661883076117E-05    0.1298670423457884E-03   -0.1776930251890450E-05
 0.6962626636120645E-05    0.1365499713629415E-03   -0.1964474181580856E-05
 0.7321073025879346E-05    0.1435748554564860E-03   -0.2171748333486954E-05
 0.7697897355033002E-05    0.1509591161284487E-03   -0.2400821838527935E-05
 0.8094041880683526E-05    0.1587210502129026E-03   -0.2653979758455721E-05
 0.8510497170487513E-05    0.1668798718809256E-03   -0.2933745404379091E-05
 0.8948304579591345E-05    0.1754557563401820E-03   -0.3242904915123417E-05
 0.9408558854561478E-05    0.1844698852435072E-03   -0.3584534313751255E-05
 0.9892410870821081E-05    0.1939444938103732E-03   -0.3962029279268584E-05
 0.1040107051043806E-04    0.2039029196524185E-03   -0.4379137890272418E-05
 0.1093580968746044E-04    0.2143696532789550E-03   -0.4839996617962218E-05
 0.1149796552836397E-04    0.2253703902401673E-03   -0.5349169867389999E-05
 0.1208894371556481E-04    0.2369320848441342E-03   -0.5911693387843384E-05
 0.1271022200235775E-04    0.2490830053583535E-03   -0.6533121895534631E-05
 0.1336335390806918E-04    0.2618527905766095E-03   -0.7219581273888838E-05
 0.1404997260266460E-04    0.2752725075971833E-03   -0.7977825738128949E-05
 0.1477179499052420E-04    0.2893747106179529E-03   -0.8815300370812366E-05
 0.1553062600359813E-04    0.3041935005071519E-03   -0.9740209452537269E-05
 0.1632836311467648E-04    0.3197645848547555E-03   -0.1076159102599143E-04
 0.1716700108205966E-04    0.3361253381478788E-03   -0.1188939814031855E-04
 0.1804863693749314E-04    0.3533148616434676E-03   -0.1313458722447654E-04
 0.1897547522983911E-04    0.3713740424322298E-03   -0.1450921403041299E-04
 0.1994983353759693E-04    0.3903456110985531E-03   -0.1602653756642998E-04
 0.2097414826405659E-04    0.4102741972816170E-03   -0.1770113240426139E-04
 0.2205098072957594E-04    0.4312063823327703E-03   -0.1954900968544723E-04
 0.2318302357621577E-04    0.4531907481436376E-03   -0.2158774706778284E-04
 0.2437310750074745E-04    0.4762779210889613E-03   -0.2383662773385219E-04
 0.2562420833286936E-04    0.5005206098892680E-03   -0.2631678842225299E-04
 0.2693945447633111E-04    0.5259736360534282E-03   -0.2905137622751892E-04
 0.2832213473157248E-04    0.5526939554138664E-03   -0.3206571363411334E-04
 0.2977570651943756E-04    0.5807406691231437E-03   -0.3538747088768833E-04
 0.3130380452652774E-04    0.6101750223480003E-03   -0.3904684434436265E-04
 0.3291024979381145E-04    0.6410603887869248E-03   -0.4307673885360358E-04
 0.3459905927121687E-04    0.6734622390654036E-03   -0.4751295149552866E-04
 0.3637445586209909E-04    0.7074480910499352E-03   -0.5239435307707057E-04
 0.3824087898269810E-04    0.7430874401953152E-03   -0.5776306265555569E-04
 0.4020299566299177E-04    0.7804516682357399E-03   -0.6366460895815248E-04
 0.4226571221670179E-04    0.8196139288959612E-03   -0.7014807084907036E-04
 0.4443418650963349E-04    0.8606490098941650E-03   -0.7726618690267113E-04
 0.4671384085702703E-04    0.9036331714098452E-03   -0.8507542160022181E-04
 0.4911037558216980E-04    0.9486439624933735E-03   -0.9363597260237077E-04
 0.5162978327017385E-04    0.9957600187174944E-03   -0.1030116998722264E-03
 0.5427836375256006E-04    0.1045060846858499E-02   -0.1132699530442195E-03
 0.5706273986011834E-04    0.1096626605717389E-02   -0.1244812682637115E-03
 0.5998987398343435E-04    0.1150537896546307E-02   -0.1367188996923959E-03
 0.6306708548249245E-04    0.1206875582148999E-02   -0.1500581439672896E-03
 0.6630206898888816E-04    0.1265720660792094E-02   -0.1645754082161632E-03
 0.6970291364641513E-04    0.1327154229768033E-02   -0.1803469641202972E-03
 0.7327812333813805E-04    0.1391257583825997E-02   -0.1974473228488653E-03
 0.7703663795052979E-04    0.1458112505446705E-02   -0.2159471604022287E-03
 0.8098785572784418E-04    0.1527801816092354E-02   -0.2359107240960027E-03
 0.8514165677262189E-04    0.1600410267670335E-02   -0.2573926670436659E-03
 0.8950842775109324E-04    0.1676025856204709E-02   -0.2804343053192871E-03
 0.9409908786525382E-04    0.1754741624356224E-02   -0.3050594041336810E-03
 0.9892511615655710E-04    0.1836657965799558E-02   -0.3312698311317900E-03
 0.1039985802094972E-03    0.1921885320662021E-02   -0.3590418438613600E-03
 0.1093321663268559E-03    0.2010546922946793E-02   -0.3883244483882738E-03
 0.1149392112520675E-03    0.2102780940448822E-02   -0.4190419859202205E-03
 0.1208337355180243E-03    0.2198741119782292E-02   -0.4511030430917408E-03
 0.1270304785057119E-03    0.2298595331750243E-02   -0.4844155778541973E-03
 0.1335449353003386E-03    0.2402522420562825E-02   -0.5189039682874880E-03
 0.1403933954371200E-03    0.2510708790105936E-02   -0.5545212544552016E-03
 0.1475929836336018E-03    0.2623346117424569E-02   -0.5912526413507382E-03
 0.1551617026103730E-03    0.2740630569727360E-02   -0.6291117414727164E-03
 0.1631184781072453E-03    0.2862763053596046E-02   -0.6681337413620418E-03
 0.1714832062074601E-03    0.2989949883599306E-02   -0.7083687820139652E-03
 0.1802768030882603E-03    0.3122403491562318E-02   -0.7498769147759275E-03
 0.1895212573222279E-03    0.3260343027390805E-02   -0.7927247422059612E-03
 0.1992396848601690E-03    0.3403994825346176E-02   -0.8369833816008826E-03
 0.2094563868330313E-03    0.3553592756337992E-02   -0.8827273268699965E-03
 0.2201969103173893E-03    0.3709378496354478E-02   -0.9300338676086465E-03
 0.2314881122164428E-03    0.3871601736619074E-02   -0.9789828305585395E-03
 0.2433582264162638E-03    0.4040520353124602E-02   -0.1029656496162429E-02
 0.2558369343852183E-03    0.4216400545914292E-02   -0.1082139604212964E-02
 0.2689554393930972E-03    0.4399516953006782E-02   -0.1136519401478988E-02
 0.2827465445355445E-03    0.4590152740184103E-02   -0.1192885706949996E-02
 0.2972447347588821E-03    0.4788599665549840E-02   -0.1251330982716806E-02
 0.3124862630904384E-03    0.4995158116345742E-02   -0.1311950404762293E-02
 0.3285092412899997E-03    0.5210137114611424E-02   -0.1374841930857405E-02
 0.3453537351490618E-03    0.5433854287628579E-02   -0.1440106363998827E-02
 0.3630618646761771E-03    0.5666635798557008E-02   -0.1507847410280509E-02
 0.3816779094189163E-03    0.5908816232163115E-02   -0.1578171730204991E-02
 0.4012484191858008E-03    0.6160738430022161E-02   -0.1651188982413463E-02
 0.4218223304450712E-03    0.6422753269024162E-02   -0.1727011858729418E-02
 0.4434510886913474E-03    0.6695219376421003E-02   -0.1805756109301169E-02
 0.4661887770861622E-03    0.6978502774013814E-02   -0.1887540556503974E-02
 0.4900922516940355E-03    0.7272976443391601E-02   -0.1972487096126087E-02
 0.5152212836522509E-03    0.7579019803391362E-02   -0.2060720684214933E-02
 0.5416387086298322E-03    0.7897018090154277E-02   -0.2152369307799488E-02
 0.5694105839494456E-03    0.8227361629298758E-02   -0.2247563937532201E-02
 0.5986063537651136E-03    0.8570444988817528E-02   -0.2346438460107565E-02
 0.6292990227087730E-03    0.8926666000329903E-02   -0.2449129588114334E-02
 0.6615653384398801E-03    0.9296424635280583E-02   -0.2555776744763370E-02
 0.6954859835545361E-03    0.9680121721570940E-02   -0.2666521920702942E-02
 0.7311457773340025E-03    0.1007815748493760E-01   -0.2781509499887084E-02
 0.7686338878370852E-03    0.1049092989815562E-01   -0.2900886051200046E-02
 0.8080440548667263E-03    0.1091883281984094E-01   -0.3024800082260549E-02
 0.8494748243683396E-03    0.1136225390326076E-01   -0.3153401751533144E-02
 0.8930297948460028E-03    0.1182157225413426E-01   -0.3286842534560406E-02
 0.9388178764126811E-03    0.1229715581492453E-01   -0.3425274839799199E-02
 0.9869535631222379E-03    0.1278935845159270E-01   -0.3568851569197008E-02
 0.1037557219264207E-02    0.1329851671721481E-01   -0.3717725618281159E-02
 0.1090755380337209E-02    0.1382494626526444E-01   -0.3872049310155747E-02
 0.1146681069453613E-02    0.1436893788375218E-01   -0.4031973757409490E-02
 0.1205474129966599E-02    0.1493075311980605E-01   -0.4197648145534903E-02
 0.1267281575151388E-02    0.1551061946269752E-01   -0.4369218931047447E-02
 0.1332257955815003E-02    0.1610872505179219E-01   -0.4546828947076139E-02
 0.1400565746753787E-02    0.1672521287446643E-01   -0.4730616408778750E-02
 0.1472375753025026E-02    0.1736017441772004E-01   -0.4920713810520115E-02
 0.1547867537048561E-02    0.1801364273607709E-01   -0.5117246706347638E-02
 0.1627229867606365E-02    0.1868558489745767E-01   -0.5320332364911322E-02
 0.1710661191862824E-02    0.1937589376808607E-01   -0.5530078289615274E-02
 0.1798370131586015E-02    0.2008437909725286E-01   -0.5746580594464712E-02
 0.1890576004810793E-02    0.2081075786295341E-01   -0.5969922225798999E-02
 0.1987509374248114E-02    0.2155464384018776E-01   -0.6200171019891903E-02
 0.2089412623811908E-02    0.2231553635513871E-01   -0.6437377586271995E-02
 0.2196540564705118E-02    0.2309280819067990E-01   -0.6681573006588179E-02
 0.2309161072580428E-02    0.2388569261185346E-01   -0.6932766338939936E-02
 0.2427555757368930E-02    0.2469326948426648E-01   -0.7190941917834723E-02
 0.2552020667451633E-02    0.2551445046397913E-01   -0.7456056440354270E-02
 0.2682867029934619E-02    0.2634796324460845E-01   -0.7728035829740227E-02
 0.2820422028878922E-02    0.2719233485629073E-01   -0.8006771868483874E-02
 0.2965029623431102E-02    0.2804587402209552E-01   -0.8292118594164892E-02
 0.3117051407900273E-02    0.2890665259075978E-01   -0.8583888452775865E-02
 0.3276867515932217E-02    0.2977248608053042E-01   -0.8881848206141166E-02
 0.3444877571041508E-02    0.3064091338781638E-01   -0.9185714592346354E-02
 0.3621501685878449E-02    0.3150917573663321E-01   -0.9495149740895145E-02
 0.3807181512729525E-02    0.3237419497087621E-01   -0.9809756347670031E-02
 0.4002381347878166E-02    0.3323255132170725E-01   -0.1012907261875676E-01
 0.4207589292587296E-02    0.3408046081723263E-01   -0.1045256699687550E-01
 0.4423318473606734E-02    0.3491375254164082E-01   -0.1077963268961671E-01
 0.4650108326257341E-02    0.3572784599652781E-01   -0.1110958202498721E-01
 0.4888525943300301E-02    0.3651772886872010E-01   -0.1144164066700991E-01
 0.5139167492964413E-02    0.3727793556695518E-01   -0.1177494173237030E-01
 0.5402659709677190E-02    0.3800252695469797E-01   -0.1210851985844005E-01
 0.5679661461227380E-02    0.3868507177850753E-01   -0.1244130528350873E-01
 0.5970865396277627E-02    0.3931863037097852E-01   -0.1277211801178265E-01
 0.6276999676346912E-02    0.3989574129450920E-01   -0.1309966214872245E-01
 0.6598829796593634E-02    0.4040841168697258E-01   -0.1342252050662808E-01
 0.6937160499952235E-02    0.4084811217256566E-01   -0.1373914959606130E-01
 0.7292837789409701E-02    0.4120577731019599E-01   -0.1404787513571623E-01
 0.7666751043453704E-02    0.4147181266691954E-01   -0.1434688823166800E-01
 0.8059835239982070E-02    0.4163610972395165E-01   -0.1463424239646666E-01
 0.8473073294234534E-02    0.4168806994592682E-01   -0.1490785159916607E-01
 0.8907498516592817E-02    0.4161663946808987E-01   -0.1516548955888848E-01
 0.9364197196394806E-02    0.4141035597797779E-01   -0.1540479051665511E-01
 0.9844311318223727E-02    0.4105740948410291E-01   -0.1562325174259777E-01
 0.1034904141746443E-01    0.4054571876944656E-01   -0.1581823805783955E-01
 0.1087964958226718E-01    0.3986302541642357E-01   -0.1598698867169809E-01
 0.1143746260942544E-01    0.3899700735538793E-01   -0.1612662665468519E-01
 0.1202387532205893E-01    0.3793541392239952E-01   -0.1623417138514336E-01
 0.1264035405739798E-01    0.3666622440409237E-01   -0.1630655432117823E-01
 0.1328844033339037E-01    0.3517783198676884E-01   -0.1634063845850563E-01
 0.1396975470329914E-01    0.3345925490037874E-01   -0.1633324183739148E-01
 0.1468600080792988E-01    0.3150037634129984E-01   -0.1628116545622622E-01
 0.1543896963562008E-01    0.2929221445474442E-01   -0.1618122593338618E-01
 0.1623054400064294E-01    0.2682722324069902E-01   -0.1603029323056871E-01
 0.1706270325122367E-01    0.2409962469798885E-01   -0.1582533370717052E-01
 0.1793752821894113E-01    0.2110577182009381E-01   -0.1556345871371824E-01
 0.1885720642189058E-01    0.1784454118444655E-01   -0.1524197884990514E-01
 0.1982403753461838E-01    0.1431775281565587E-01   -0.1485846390642913E-01
 0.2084043913850618E-01    0.1053061373590451E-01   -0.1441080837663327E-01
 0.2190895276698367E-01    0.6492180129514556E-02   -0.1389730226125621E-01
 0.2303225026068591E-01    0.2215831335284972E-02   -0.1331670669525299E-01
 0.2421314044844671E-01   -0.2280253061252656E-02   -0.1266833369830451E-01
 0.2545457617083370E-01   -0.6972623924498922E-02   -0.1195212909011457E-01
 0.2675966166378783E-01   -0.1183211430307329E-01   -0.1116875731927752E-01
 0.2813166032083016E-01   -0.1682342797360679E-01   -0.1031968663373422E-01
 0.2957400285324549E-01   -0.2190478319906082E-01   -0.9407272677352125E-02
 0.3109029586864752E-01   -0.2702763277567865E-01   -0.8434838239431853E-02
 0.3268433088937651E-01   -0.3213648405049338E-01   -0.7406746523414901E-02
 0.3436009383328007E-01   -0.3716884501532168E-01   -0.6328464952293826E-02
 0.3612177498058387E-01   -0.4205532467409839E-01   -0.5206616208730604E-02
 0.3797377945177492E-01   -0.4671991746182946E-01   -0.4049012937807453E-02
 0.3992073822269722E-01   -0.5108050236254597E-01   -0.2864672341769763E-02
 0.4196751970440363E-01   -0.5504958730342840E-01   -0.1663806792241497E-02
 0.4411924191671926E-01   -0.5853532814540070E-01   -0.4577865993301747E-03
 0.4638128528595697E-01   -0.6144284888496420E-01    0.7409287693083554E-03
 0.4875930609878561E-01   -0.6367588525895729E-01    0.1918894413455528E-02
 0.5125925064589297E-01   -0.6513876753760056E-01    0.3061821574860157E-02
 0.5388737009080979E-01   -0.6573874965213103E-01    0.4154759290021916E-02
 0.5665023610107465E-01   -0.6538868071473658E-01    0.5182317475768992E-02
 0.5955475728082583E-01   -0.6401000128727834E-01    0.6128931724449848E-02
 0.6260819644591026E-01   -0.6153603035876982E-01    0.6979168800152878E-02
 0.6581818878470604E-01   -0.5791548993130363E-01    0.7718070331456228E-02
 0.6919276095007051E-01   -0.5311619257749395E-01    0.8331530488465947E-02
 0.7274035113015324E-01   -0.4712879371257456E-01    0.8806701514483461E-02
 0.7646983014826163E-01   -0.3997048527554906E-01    0.9132418865910716E-02
 0.8039052364453982E-01   -0.3168848200966276E-01    0.9299635424571172E-02
 0.8451223539492653E-01   -0.2236312691582562E-01    0.9301851838751552E-02
 0.8884527182570151E-01   -0.1211042046672244E-01    0.9135527618437658E-02
 0.9340046778491957E-01   -0.1083760952500348E-02    0.8800455306475023E-02
 0.9818921363517440E-01    0.1052532664592644E-01    0.8300078084460224E-02
 0.1032234837354379E+00    0.2248769591787382E-01    0.7641729827337859E-02
 0.1085158663831950E+00    0.3453852855981872E-01    0.6836776220114638E-02
 0.1140795952917440E+00    0.4638091087896318E-01    0.5900636435778498E-02
 0.1199285826813733E+00    0.5769117588219538E-01    0.4852667350904483E-02
 0.1260774540671584E+00    0.6812608821370021E-01    0.3715896546401463E-02
 0.1325415848303679E+00    0.7733187124322244E-01    0.2516596432278213E-02
 0.1393371386649252E+00    0.8495498324097950E-01    0.1283699539917058E-02
 0.1464811079950624E+00    0.9065444651186295E-01    0.4806387453094758E-04
 0.1539913564652325E+00    0.9411542456041838E-01   -0.1158393492774927E-02
 0.1618866636085246E+00    0.9506363355725542E-01   -0.2303667551934886E-02
 0.1701867718052788E+00    0.9328007149086823E-01   -0.3356706600021044E-02
 0.1789124356493201E+00    0.8861545693311733E-01   -0.4288483475513897E-02
 0.1880854738452541E+00    0.8100369409606198E-01   -0.5073053550700445E-02
 0.1977288237665927E+00    0.7047362590304938E-01   -0.5688555565945040E-02
 0.2078665988111361E+00    0.5715830608702461E-01   -0.6118112673081464E-02
 0.2185241486970266E+00    0.4130101960127225E-01   -0.6350593573771949E-02
 0.2297281228502490E+00    0.2325731441314919E-01   -0.6381196620829077E-02
 0.2415065370420756E+00    0.3492385947444652E-02   -0.6211822709908069E-02
 0.2538888434430882E+00   -0.1742671113443159E-01   -0.5851205819356546E-02
 0.2669060042689446E+00   -0.3884434971987098E-01   -0.5314773982945429E-02
 0.2805905692020456E+00   -0.6003516894557229E-01   -0.4624219768641302E-02
 0.2949767567826956E+00   -0.8022817371345367E-01   -0.3806769707848984E-02
 0.3101005399732767E+00   -0.9863540196959864E-01   -0.2894157923835555E-02
 0.3259997361093921E+00   -0.1144840379381686E+00   -0.1921330704432651E-02
 0.3427141014629037E+00   -0.1270504406598412E+00   -0.9249345442251653E-03
 0.3602854306533192E+00   -0.1356942260281898E+00    0.5833300884550042E-04
 0.3787576611561113E+00   -0.1398903462075510E+00    0.9934072309234726E-03
 0.3981769831692922E+00   -0.1392571006217946E+00    0.1848458061123877E-02
 0.4185919551129680E+00   -0.1335782112310905E+00    0.2596291986922392E-02
 0.4400536250506819E+00   -0.1228174920818017E+00    0.3215450135506337E-02
 0.4626156583361626E+00   -0.1071251947819398E+00    0.3690927062450684E-02
 0.4863344718046623E+00   -0.8683574525784986E-01    0.4014473250510405E-02
 0.5112693748444305E+00   -0.6245721678338592E-01    0.4184486721516553E-02
 0.5374827177010773E+00   -0.3465342809951272E-01    0.4205538352013075E-02
 0.5650400473856650E+00   -0.4219953035446667E-02    0.4087605343602372E-02
 0.5940102715763773E+00    0.2794444855549552E-01    0.3845104027774598E-02
 0.6244658309236064E+00    0.6086941247824040E-01    0.3495815965266920E-02
 0.6564828801893130E+00    0.9354607350980249E-01    0.3059792135013491E-02
 0.6901414786735977E+00    0.1249603538092633E+00    0.2558302866177660E-02
 0.7255257904046520E+00    0.1541252806673697E+00    0.2012880769894676E-02
 0.7627242945926684E+00    0.1801113441425986E+00    0.1444484557170374E-02
 0.8018300068739527E+00    0.2020740367077515E+00    0.8727962610729132E-03
 0.8429407118984635E+00    0.2192778159103880E+00    0.3156542976812734E-03
 0.8861592078423725E+00    0.2311158169669787E+00   -0.2113803109905557E-03
 0.9315935634570484E+00    0.2371247435872616E+00   -0.6953288133783963E-03
 0.9793573882972270E+00    0.2369945085926375E+00   -0.1125974959888603E-02
 0.1029570116804074E+01    0.2305723961109145E+00   -0.1495925045186132E-02
 0.1082357306953498E+01    0.2178617723044899E+00   -0.1800553805973635E-02
 0.1137850954216494E+01    0.1990156619436758E+00   -0.2037845551044794E-02
 0.1196189821616567E+01    0.1743258002299116E+00   -0.2208144541609025E-02
 0.1257519786709578E+01    0.1442080235842569E+00   -0.2313833617386329E-02
 0.1321994206353610E+01    0.1091850429272791E+00   -0.2358964219305838E-02
 0.1389774300181000E+01    0.6986772224143861E-01   -0.2348863295477721E-02
 0.1461029553731390E+01    0.2693595360195328E-01   -0.2289742506491374E-02
 0.1535938142253860E+01   -0.1887991585469246E-01   -0.2188332596510878E-02
 0.1614687376237858E+01   -0.6681636770269016E-01   -0.2051561169819076E-02
 0.1697474169786987E+01   -0.1160922380879373E+00   -0.1886286139446564E-02
 0.1784505533006835E+01   -0.1659222999340818E+00   -0.1699090664468517E-02
 0.1875999089638066E+01   -0.2155289778801019E+00   -0.1496139291612602E-02
 0.1972183621229121E+01   -0.2641524844369343E+00   -0.1283089916202935E-02
 0.2073299639209264E+01   -0.3110598072944578E+00   -0.1065052486537464E-02
 0.2179599986292427E+01   -0.3555530377460343E+00   -0.8465832554568303E-03
 0.2291350468715695E+01   -0.3969775079006511E+00   -0.6317027815143404E-03
 0.2408830520893354E+01   -0.4347301076787429E+00   -0.4239265928091882E-03
 0.2532333904148474E+01   -0.4682679968861186E+00   -0.2262991468264671E-03
 0.2662169441269232E+01   -0.4971177338483094E+00   -0.4142410345488168E-04
 0.2798661788726742E+01   -0.5208846345657338E+00    0.1285133747033712E-03
 0.2942152248485335E+01   -0.5392619806719255E+00    0.2817338970045724E-03
 0.3092999621435251E+01   -0.5520395348177098E+00    0.4168599080465687E-03
 0.3251581104581752E+01   -0.5591107186729043E+00    0.5329178798559938E-03
 0.3418293234234111E+01   -0.5604777754041351E+00    0.6293427609726232E-03
 0.3593552877552928E+01   -0.5562542809815765E+00    0.7059803210960980E-03
 0.3777798274935171E+01   -0.5466644837090655E+00    0.7630832390546890E-03
 0.3971490135843438E+01   -0.5320391270070450E+00    0.8012975844771834E-03
 0.4175112790819585E+01   -0.5128076276910452E+00    0.8216375705233571E-03
 0.4389175402563355E+01   -0.4894867174271919E+00    0.8254478979321845E-03
 0.4614213239104344E+01   -0.4626658844369172E+00    0.8143544526473903E-03
 0.4850789012250877E+01   -0.4329901541799592E+00    0.7902053669480593E-03
 0.5099494284662639E+01   -0.4011409054976626E+00    0.7550053645412547E-03
 0.5360950949065451E+01   -0.3678155236493939E+00    0.7108468088459178E-03
 0.5635812783307012E+01   -0.3337067424252775E+00    0.6598409588502095E-03
 0.5924767085142062E+01   -0.2994825288591150E+00    0.6040526702258904E-03
 0.6228536390834766E+01   -0.2657673244943972E+00    0.5454412657245247E-03
 0.6547880281875716E+01   -0.2331253859067354E+00    0.4858096592957845E-03
 0.6883597284331323E+01   -0.2020468715870196E+00    0.4267631629642373E-03
 0.7236526865574901E+01   -0.1729372062119490E+00    0.3696788125256013E-03
 0.7607551533392368E+01   -0.1461101171710391E+00    0.3156855536577416E-03
 0.7997599042711387E+01   -0.1217845804510418E+00    0.2656552298894046E-03
 0.8407644715471930E+01   -0.1000857327814666E+00    0.2202039759860640E-03
 0.8838713879439149E+01   -0.8104960713049066E-01    0.1797033034396968E-03
 0.9291884432056865E+01   -0.6463133787530835E-01    0.1442998375234005E-03
 0.9768289535752617E+01   -0.5071627546681098E-01    0.1139423203728198E-03
 0.1026912045143399E+02   -0.3913326863178210E-01    0.8841415349504637E-04
 0.1079562951726135E+02   -0.2966923765576136E-01    0.6736946204768475E-04
 0.1134913328014559E+02   -0.2208409530445053E-01    0.5037047968218363E-04
 0.1193101578780117E+02   -0.1612508583737467E-01    0.3692402869583948E-04
 0.1254273204958628E+02   -0.1153971027982791E-01    0.2651503623160467E-04
 0.1318581167478415E+02   -0.8086578549610111E-02    0.1863538201386069E-04
 0.1386186269742300E+02   -0.5543755885827602E-02    0.1280688129703506E-04
 0.1457257559719868E+02   -0.3714423951715641E-02    0.8597805223677327E-05
 0.1531972752655444E+02   -0.2429924379605133E-02    0.5632951337513703E-05
 0.1610518675448773E+02   -0.1550464924866948E-02    0.3597821559759121E-05
 0.1693091733819582E+02   -0.9639233005563987E-03    0.2237880311007442E-05
 0.1779898403424185E+02   -0.5832689601629286E-03    0.1354113651048702E-05
 0.1871155746152166E+02   -0.3431378256437919E-03    0.7961829399768305E-06
 0.1967091952894174E+02   -0.1960488662002321E-03    0.4543829642143343E-06
 0.2067946914138002E+02   -0.1086616625940672E-03    0.2514147763023995E-06
 0.2173972819819762E+02   -0.5836130289426898E-04    0.1347182965558567E-06
 0.2285434789930087E+02   -0.3034122022076227E-04    0.6982955458755389E-07
 0.2402611537452199E+02   -0.1525203210270775E-04    0.3497391098836989E-07
 0.2525796065289547E+02   -0.7405280822904133E-05    0.1690692520154295E-07
 0.2655296398925679E+02   -0.3469061025967382E-05    0.7880125756753097E-08
 0.2791436356648396E+02   -0.1566313584590145E-05    0.3537456673743922E-08
 0.2934556359264142E+02   -0.6808911838254285E-06    0.1527867825521109E-08
 0.3085014281327337E+02   -0.2846658502695780E-06    0.6342559733896079E-09
 0.3243186346013171E+02   -0.1143254758125023E-06    0.2527859093390461E-09
 0.3409468065871507E+02   -0.4405052362501742E-07    0.9661170905416299E-10
 0.3584275231814270E+02   -0.1627526157843643E-07    0.3538179735711350E-10
 0.3768044952809305E+02   -0.5771481621319753E-08    0.1231609116972424E-10
 0.3961236748880471E+02   -0.1682906844365682E-08    0.3409530313880916E-11
 0.4164333700147059E+02   -0.4081156398122152E-09    0.7733719076022640E-12
