 0.0000000000000000E+00    0.0000000000000000E+00    0.0000000000000000E+00
 0.1464888467886403E-08    0.2429395012908706E-23   -0.7994821403584753E-26
 0.3004883373589934E-08    0.5162090229852038E-22   -0.4877280575413274E-25
 0.4623835506522379E-08    0.1872870088819487E-21    0.3636015904042982E-26
 0.6325793090290573E-08    0.4799761254825537E-21   -0.6661261497169206E-26
 0.8115011905364052E-08    0.1013646241141149E-20   -0.8608509831669734E-26
 0.9995965930742960E-08    0.1894898078954492E-20   -0.1636554538643218E-25
 0.1197335853123594E-07    0.3257043245855723E-20   -0.3612107695952985E-25
 0.1405213421832203E-07    0.5265623897748916E-20   -0.6438385814217406E-25
 0.1623749101400485E-07    0.8124872148882762E-20   -0.1184024810054651E-24
 0.1853489344857512E-07    0.1208536282626701E-19   -0.1972759585474397E-24
 0.2095008622478276E-07    0.1745305443229047E-19   -0.3252971050363718E-24
 0.2348910858258601E-07    0.2459996417531570E-19   -0.5109419081275890E-24
 0.2615830940039708E-07    0.3397675814184905E-19   -0.7886070719545322E-24
 0.2896436307058510E-07    0.4612758707383518E-19   -0.1183027287112677E-23
 0.3191428618893363E-07    0.6170755336533997E-19   -0.1745820891694816E-23
 0.3501545509978486E-07    0.8150325989995563E-19   -0.2528196078918332E-23
 0.3827562434074268E-07    0.1064569666318705E-18   -0.3611087467638448E-23
 0.4170294603305579E-07    0.1376949690463107E-18   -0.5087767973257874E-23
 0.4530599026616714E-07    0.1765609151256536E-18   -0.7088356779683955E-23
 0.4909376652740141E-07    0.2246548969305370E-18   -0.9772475872620246E-23
 0.5307574623037623E-07    0.2838792922319090E-18   -0.1335083548179906E-22
 0.5726188639846966E-07    0.3564924937262700E-18   -0.1808770047579753E-22
 0.6166265456256494E-07    0.4451718522826647E-18   -0.2432325933578384E-22
 0.6628905493533010E-07    0.5530873806386656E-18   -0.3248652573281668E-22
 0.7115265592748138E-07    0.6839880200405506E-18   -0.4312292470346626E-22
 0.7626561907483577E-07    0.8423025705255508E-18   -0.5691984878829983E-22
 0.8164072944848522E-07    0.1033257732651418E-17   -0.7474500947188816E-22
 0.8729142762413383E-07    0.1263016112514052E-17   -0.9768911927339252E-22
 0.9323184329053795E-07    0.1538837512176204E-17   -0.1271224726158060E-21
 0.9947683058108790E-07    0.1869267374915473E-17   -0.1647623707067041E-21
 0.1060420052168787E-06    0.2264356891590261E-17   -0.2127585592530726E-21
 0.1129437835541465E-06    0.2735920015510456E-17   -0.2737975013153823E-21
 0.1201994236337104E-06    0.3297833495460728E-17   -0.3512323122854535E-21
 0.1278270683350633E-06    0.3966387039715252E-17   -0.4492425444864224E-21
 0.1358457907430214E-06    0.4760691890944612E-17   -0.5730319912546680E-21
 0.1442756418403704E-06    0.5703157449532369E-17   -0.7290723835583434E-21
 0.1531377006457672E-06    0.6820047162010247E-17   -0.9254041891166862E-21
 0.1624541269222654E-06    0.8142126728136268E-17   -0.1172007184593233E-20
 0.1722482165882662E-06    0.9705419816493283E-17   -0.1481257125073923E-20
 0.1825444599694479E-06    0.1155208896309132E-16   -0.1868487999517326E-20
 0.1933686030373371E-06    0.1373146221693928E-16   -0.2352684162435980E-20
 0.2047477117876480E-06    0.1630122945672868E-16   -0.2957331868731663E-20
 0.2167102399193693E-06    0.1932883621014231E-16   -0.3711466605686655E-20
 0.2292860999838330E-06    0.2289310735077929E-16   -0.4650960713458500E-20
 0.2425067381816732E-06    0.2708613833061245E-16   -0.5820105920819267E-20
 0.2564052129947074E-06    0.3201549774837642E-16   -0.7273557683409690E-20
 0.2710162778493604E-06    0.3780679219591381E-16   -0.9078723328123261E-20
 0.2863764680183328E-06    0.4460665262751224E-16   -0.1131869444176494E-19
 0.3025241919778125E-06    0.5258621115019412E-16   -0.1409584655766991E-19
 0.3194998274486721E-06    0.6194514835489906E-16   -0.1753625684111533E-19
 0.3373458223618025E-06    0.7291640435415459E-16   -0.2179512433367888E-19
 0.3561068010000500E-06    0.8577166185713286E-16   -0.2706341873552540E-19
 0.3758296755821676E-06    0.1008277272418220E-15   -0.3357603439610619E-19
 0.3965637635677972E-06    0.1184539560760799E-15   -0.4162178819757672E-19
 0.4183609109768069E-06    0.1390808933590418E-15   -0.5155567588781593E-19
 0.4412756220313464E-06    0.1632103264414009E-15   -0.6381389423121979E-19
 0.4653651954447920E-06    0.1914269807647240E-15   -0.7893224987469718E-19
 0.4906898676983756E-06    0.2244121259649797E-15   -0.9756871468362114E-19
 0.5173129636637640E-06    0.2629594033607983E-15   -0.1205310571295318E-18
 0.5453010549482219E-06    0.3079932363768074E-15   -0.1488106869994454E-18
 0.5747241263583063E-06    0.3605902441803014E-15   -0.1836241046715426E-18
 0.6056557508983357E-06    0.4220041470643903E-15   -0.2264636567598007E-18
 0.6381732737412239E-06    0.4936947314367974E-15   -0.2791596796554697E-18
 0.6723580056316995E-06    0.5773615344649432E-15   -0.3439565767651222E-18
 0.7082954262055200E-06    0.6749830155697899E-15   -0.4236059428581023E-18
 0.7460753977330867E-06    0.7888621064757670E-15   -0.5214805428579274E-18
 0.7857923898219268E-06    0.9216791762269840E-15   -0.6417138007088092E-18
 0.8275457156399195E-06    0.1076553615741726E-14   -0.7893704909154621E-18
 0.8714397802499461E-06    0.1257115441898552E-14   -0.9706555928982228E-18
 0.9175843416769288E-06    0.1467588548244228E-14   -0.1193169817630983E-17
 0.9660947853600637E-06    0.1712887493317319E-14   -0.1466222209701045E-17
 0.1017092412676520E-05    0.1998730024253444E-14   -0.1801212542389984E-17
 0.1070704744258067E-05    0.2331767889706291E-14   -0.2212099052018754E-17
 0.1127065838859076E-05    0.2719738910231075E-14   -0.2715970514734210E-17
 0.1186316628573230E-05    0.3171643755485758E-14   -0.3333745893542732E-17
 0.1248605271237174E-05    0.3697951436776163E-14   -0.4091029946028133E-17
 0.1314087520902274E-05    0.4310838173227557E-14   -0.5019159491879722E-17
 0.1382927117300871E-05    0.5024465044875827E-14   -0.6156482748266797E-17
 0.1455296195280908E-05    0.5855300723277374E-14   -0.7549923560706380E-17
 0.1531375715232703E-05    0.6822496589637547E-14   -0.9256893866642527E-17
 0.1611355915584188E-05    0.7948322734957452E-14   -0.1134763179175855E-16
 0.1695436788496068E-05    0.9258674713023187E-14   -0.1390805996093952E-16
 0.1783828579946393E-05    0.1078366251626072E-13   -0.1704327959795151E-16
 0.1876752315455018E-05    0.1255829510262793E-13   -0.2088184163446763E-16
 0.1974440352762524E-05    0.1462327596072107E-13   -0.2558096738105426E-16
 0.2077136962845610E-05    0.1702592770882492E-13   -0.3133292958927715E-16
 0.2185098940721755E-05    0.1982126663829821E-13   -0.3837285149290804E-16
 0.2298596247570535E-05    0.2307325149816574E-13   -0.4698823853511662E-16
 0.2417912685777177E-05    0.2685623475242588E-13   -0.5753062726054823E-16
 0.2543346608586357E-05    0.3125664911304909E-13   -0.7042982107622558E-16
 0.2675211666140708E-05    0.3637496746295297E-13   -0.8621128668190919E-16
 0.2813837589769559E-05    0.4232798045405531E-13   -0.1055174121127570E-15
 0.2959571016489000E-05    0.4925144323481681E-13   -0.1291334826203972E-15
 0.3112776355774981E-05    0.5730315109095580E-13   -0.1580194202632003E-15
 0.3273836700776816E-05    0.6666651345976551E-13   -0.1933485646754128E-15
 0.3443154786249595E-05    0.7755470702052094E-13   -0.2365550553052116E-15
 0.3621153995600854E-05    0.9021550162379799E-13   -0.2893917207636368E-15
 0.3808279419569616E-05    0.1049368679949621E-12   -0.3540008026113017E-15
 0.4004998969185085E-05    0.1220534937728374E-12   -0.4330003557677301E-15
 0.4211804545787937E-05    0.1419543549198887E-12   -0.5295897963039070E-15
 0.4429213271039894E-05    0.1650915133252987E-12   -0.6476788347332899E-15
 0.4657768779997231E-05    0.1919903390513921E-12   -0.7920449696157990E-15
 0.4898042580481593E-05    0.2232613877673229E-12   -0.9685258596061187E-15
 0.5150635482147220E-05    0.2596142011920912E-12   -0.1184254287455566E-14
 0.5416179098818047E-05    0.3018733416679176E-12   -0.1447945132309800E-14
 0.5695337427851240E-05    0.3509970222754272E-12   -0.1770245844440084E-14
 0.5988808510476464E-05    0.4080987523106654E-12   -0.2164164451553289E-14
 0.6297326177262543E-05    0.4744724857781464E-12   -0.2645592218227745E-14
 0.6621661883076117E-05    0.5516218393313758E-12   -0.3233941851806021E-14
 0.6962626636120645E-05    0.6412940375732057E-12   -0.3952926747730363E-14
 0.7321073025879346E-05    0.7455193498555124E-12   -0.4831512375506804E-14
 0.7697897355033002E-05    0.8666569060605434E-12   -0.5905077742978641E-14
 0.8094041880683526E-05    0.1007447922052751E-11   -0.7216833208522028E-14
 0.8510497170487513E-05    0.1171077531746517E-11   -0.8819551062734554E-14
 0.8948304579591345E-05    0.1361246615736351E-11   -0.1077767766733039E-13
 0.9408558854561478E-05    0.1582255240463689E-11   -0.1316991099760496E-13
 0.9892410870821081E-05    0.1839099581910688E-11   -0.1609234576602329E-13
 0.1040107051043806E-04    0.2137584509565047E-11   -0.1966231061101730E-13
 0.1093580968746044E-04    0.2484454356548969E-11   -0.2402304896771627E-13
 0.1149796552836397E-04    0.2887544808059072E-11   -0.2934942822489760E-13
 0.1208894371556481E-04    0.3355959311545009E-11   -0.3585490185764192E-13
 0.1271022200235775E-04    0.3900273958686501E-11   -0.4379999790708362E-13
 0.1336335390806918E-04    0.4532775423151811E-11   -0.5350266626296136E-13
 0.1404997260266460E-04    0.5267737273138777E-11   -0.6535088886275222E-13
 0.1477179499052420E-04    0.6121740829763256E-11   -0.7981804375915818E-13
 0.1553062600359813E-04    0.7114047729891563E-11   -0.9748161914675522E-13
 0.1632836311467648E-04    0.8267032496279702E-11   -0.1190460006074079E-12
 0.1716700108205966E-04    0.9606684743418643E-11   -0.1453702084743370E-12
 0.1804863693749314E-04    0.1116319218258181E-10   -0.1775016476001225E-12
 0.1897547522983911E-04    0.1297161736683005E-10   -0.2167171551817188E-12
 0.1994983353759693E-04    0.1507268317369500E-10   -0.2645729009893881E-12
 0.2097414826405659E-04    0.1751368440314444E-10   -0.3229650169664675E-12
 0.2205098072957594E-04    0.2034954562093249E-10   -0.3942032197204666E-12
 0.2318302357621577E-04    0.2364404855968632E-10   -0.4811001514681999E-12
 0.2437310750074745E-04    0.2747125606771461E-10   -0.5870797157440355E-12
 0.2562420833286936E-04    0.3191716384391801E-10   -0.7163083385666017E-12
 0.2693945447633111E-04    0.3708161610286548E-10   -0.8738538604088304E-12
 0.2832213473157248E-04    0.4308052697639457E-10   -0.1065877677360516E-11
 0.2977570651943756E-04    0.5004845599101861E-10   -0.1299866820544471E-11
 0.3130380452652774E-04    0.5814159349492285E-10   -0.1584913910733844E-11
 0.3291024979381145E-04    0.6754122059495395E-10   -0.1932054368916679E-11
 0.3459905927121687E-04    0.7845771817606920E-10   -0.2354671919108057E-11
 0.3637445586209909E-04    0.9113521111323736E-10   -0.2868985297027411E-11
 0.3824087898269810E-04    0.1058569470803100E-09   -0.3494631177087817E-11
 0.4020299566299177E-04    0.1229515246811264E-09   -0.4255360633551988E-11
 0.4226571221670179E-04    0.1428001032897817E-09   -0.5179868916893964E-11
 0.4443418650963349E-04    0.1658447473600344E-09   -0.6302780871723008E-11
 0.4671384085702703E-04    0.1925980814879363E-09   -0.7665816809505738E-11
 0.4911037558216980E-04    0.2236544597138226E-09   -0.9319165857328982E-11
 0.5162978327017385E-04    0.2597028840680187E-09   -0.1132309539685562E-10
 0.5427836375256006E-04    0.3015419439807893E-09   -0.1374982568799629E-10
 0.5706273986011834E-04    0.3500970908601645E-09   -0.1668569742150327E-10
 0.5998987398343435E-04    0.4064406121049867E-09   -0.2023365574960763E-10
 0.6306708548249245E-04    0.4718147275992087E-09   -0.2451606590465877E-10
 0.6630206898888816E-04    0.5476583012785941E-09   -0.2967786095529828E-10
 0.6970291364641513E-04    0.6356377431588378E-09   -0.3588999915060959E-10
 0.7327812333813805E-04    0.7376827764147652E-09   -0.4335317376262670E-10
 0.7703663795052979E-04    0.8560278636274702E-09   -0.5230166935553886E-10
 0.8098785572784418E-04    0.9932602308752681E-09   -0.6300719309442984E-10
 0.8514165677262189E-04    0.1152375603132429E-08   -0.7578243040100600E-10
 0.8950842775109324E-04    0.1336842974130117E-08   -0.9098399487342356E-10
 0.9409908786525382E-04    0.1550679979977985E-08   -0.1090144041568144E-09
 0.9892511615655710E-04    0.1798540721196800E-08   -0.1303228154428913E-09
 0.1039985802094972E-03    0.2085818156296749E-08   -0.1554046947997450E-09
 0.1093321663268559E-03    0.2418763418245705E-08   -0.1848016637072916E-09
 0.1149392112520675E-03    0.2804624512917386E-08   -0.2191046490607820E-09
 0.1208337355180243E-03    0.3251806844879595E-08   -0.2589654594764255E-09
 0.1270304785057119E-03    0.3770058153685461E-08   -0.3051213772067872E-09
 0.1335449353003386E-03    0.4370681201788918E-08   -0.3584320328792986E-09
 0.1403933954371200E-03    0.5066778940470879E-08   -0.4199211515229224E-09
 0.1475929836336018E-03    0.5873538226096853E-08   -0.4908147384211496E-09
 0.1551617026103730E-03    0.6808558962572525E-08   -0.5725730346004704E-09
 0.1631184781072453E-03    0.7892236078672957E-08   -0.6669197125259838E-09
 0.1714832062074601E-03    0.9148202549001032E-08   -0.7758734603289524E-09
 0.1802768030882603E-03    0.1060384289601483E-07   -0.9017856929292859E-09
 0.1895212573222279E-03    0.1229088815792054E-07   -0.1047386534635703E-08
 0.1992396848601690E-03    0.1424610510267120E-07   -0.1215840368967458E-08
 0.2094563868330313E-03    0.1651209452565338E-07   -0.1410811997830413E-08
 0.2201969103173893E-03    0.1913821583038862E-07   -0.1636544544727409E-08
 0.2314881122164428E-03    0.2218165781067361E-07   -0.1897950494056092E-08
 0.2433582264162638E-03    0.2570867869079684E-07   -0.2200717594749127E-08
 0.2558369343852183E-03    0.2979604210535144E-07   -0.2551431739028945E-08
 0.2689554393930972E-03    0.3453267988933183E-07   -0.2957719345325739E-08
 0.2827465445355445E-03    0.4002161739159868E-07   -0.3428412232085284E-08
 0.2972447347588821E-03    0.4638220262187015E-07   -0.3973738476245295E-08
 0.3124862630904384E-03    0.5375268701036201E-07   -0.4605543319497034E-08
 0.3285092412899997E-03    0.6229321303474527E-07   -0.5337544832487040E-08
 0.3453537351490618E-03    0.7218927260624291E-07   -0.6185629787961387E-08
 0.3630618646761771E-03    0.8365571008425349E-07   -0.7168196045839587E-08
 0.3816779094189163E-03    0.9694135531258943E-07   -0.8306548735155649E-08
 0.4012484191858008E-03    0.1123343853771832E-06   -0.9625358650482497E-08
 0.4218223304450712E-03    0.1301685291476484E-06   -0.1115319258730261E-07
 0.4434510886913474E-03    0.1508302463970209E-06   -0.1292312684846867E-07
 0.4661887770861622E-03    0.1747670337560526E-06   -0.1497345689290728E-07
 0.4900922516940355E-03    0.2024970333651740E-06   -0.1734851810303875E-07
 0.5152212836522509E-03    0.2346201473148744E-06   -0.2009963495913074E-07
 0.5416387086298322E-03    0.2718308923606744E-06   -0.2328621857298548E-07
 0.5694105839494456E-03    0.3149332655895753E-06   -0.2697703560272131E-07
 0.5986063537651136E-03    0.3648579334206804E-06   -0.3125167510537368E-07
 0.6292990227087730E-03    0.4226821043685745E-06   -0.3620224395378146E-07
 0.6615653384398801E-03    0.4896525013291554E-06   -0.4193532612788149E-07
 0.6954859835545361E-03    0.5672119128457147E-06   -0.4857424657857293E-07
 0.7311457773340025E-03    0.6570298761157579E-06   -0.5626168655806473E-07
 0.7686338878370852E-03    0.7610381288207395E-06   -0.6516270443201020E-07
 0.8080440548667263E-03    0.8814715638170034E-06   -0.7546822417021523E-07
 0.8494748243683396E-03    0.1020915532160051E-05   -0.8739906310742984E-07
 0.8930297948460028E-03    0.1182360467946803E-05   -0.1012105813479495E-06
 0.9388178764126811E-03    0.1369264955444995E-05   -0.1171980475555265E-06
 0.9869535631222379E-03    0.1585628527656986E-05   -0.1357028300482399E-06
 0.1037557219264207E-02    0.1836075678930159E-05   -0.1571195383613751E-06
 0.1090755380337209E-02    0.2125952795987851E-05   -0.1819042590386230E-06
 0.1146681069453613E-02    0.2461439965791008E-05   -0.2105840506891867E-06
 0.1205474129966599E-02    0.2849679909453782E-05   -0.2437678876739042E-06
 0.1267281575151388E-02    0.3298926624111877E-05   -0.2821592695720095E-06
 0.1332257955815003E-02    0.3818716694919321E-05   -0.3265707452982112E-06
 0.1400565746753787E-02    0.4420066673687210E-05   -0.3779406369107937E-06
 0.1472375753025026E-02    0.5115700416336636E-05   -0.4373522893617564E-06
 0.1547867537048561E-02    0.5920310836458218E-05   -0.5060562193444158E-06
 0.1627229867606365E-02    0.6850861175957535E-05   -0.5854955897220764E-06
 0.1710661191862824E-02    0.7926931626179947E-05   -0.6773354965839148E-06
 0.1798370131586015E-02    0.9171117965353019E-05   -0.7834966246688545E-06
 0.1890576004810793E-02    0.1060948982319497E-04   -0.9061939047154619E-06
 0.1987509374248114E-02    0.1227211725496983E-04   -0.1047980894324869E-05
 0.2089412623811908E-02    0.1419367552037234E-04   -0.1211800703355959E-05
 0.2196540564705118E-02    0.1641413933411514E-04   -0.1401044397005682E-05
 0.2309161072580428E-02    0.1897957940319492E-04   -0.1619617935967678E-05
 0.2427555757368930E-02    0.2194307581029362E-04   -0.1872018854921880E-05
 0.2552020667451633E-02    0.2536576476492058E-04   -0.2163424039701483E-05
 0.2682867029934619E-02    0.2931803744647089E-04   -0.2499790141521802E-05
 0.2820422028878922E-02    0.3388091213047146E-04   -0.2887968365428885E-05
 0.2965029623431102E-02    0.3914760354615728E-04   -0.3335835591487752E-05
 0.3117051407900273E-02    0.4522531648626729E-04   -0.3852444033066319E-05
 0.3276867515932217E-02    0.5223729410508785E-04   -0.4448191908762048E-05
 0.3444877571041508E-02    0.6032515512466607E-04   -0.5135017904888845E-05
 0.3621501685878449E-02    0.6965155834716812E-04   -0.5926622535692651E-05
 0.3807181512729525E-02    0.8040323746702644E-04   -0.6838719870089227E-05
 0.4002381347878166E-02    0.9279445420999269E-04   -0.7889323487895452E-05
 0.4207589292587296E-02    0.1070709233127276E-03   -0.9099070955984881E-05
 0.4423318473606734E-02    0.1235142688043922E-03   -0.1049159157565483E-04
 0.4650108326257341E-02    0.1424470774595220E-03   -0.1209392264604147E-04
 0.4888525943300301E-02    0.1642386221452438E-03   -0.1393698001289660E-04
 0.5139167492964413E-02    0.1893113350550185E-03   -0.1605608922431299E-04
 0.5402659709677190E-02    0.2181481184537615E-03   -0.1849158419020767E-04
 0.5679661461227380E-02    0.2513005884769281E-03   -0.2128948083355329E-04
 0.5970865396277627E-02    0.2893983556170003E-03   -0.2450223381884222E-04
 0.6276999676346912E-02    0.3331594536419928E-03   -0.2818958503420587E-04
 0.6598829796593634E-02    0.3834020366189874E-03   -0.3241951307118447E-04
 0.6937160499952235E-02    0.4410574711976716E-03   -0.3726929346882100E-04
 0.7292837789409701E-02    0.5071849580081875E-03   -0.4282667993937227E-04
 0.7666751043453704E-02    0.5829878215216382E-03   -0.4919121713763589E-04
 0.8059835239982070E-02    0.6698316114863048E-03   -0.5647569573298502E-04
 0.8473073294234534E-02    0.7692641604450714E-03   -0.6480776054183087E-04
 0.8907498516592817E-02    0.8830377400801292E-03   -0.7433168221698469E-04
 0.9364197196394806E-02    0.1013133453282798E-02   -0.8521030239576821E-04
 0.9844311318223727E-02    0.1161787987795132E-02   -0.9762716119360495E-04
 0.1034904141746443E-01    0.1331522839702914E-02   -0.1117888143918681E-03
 0.1087964958226718E-01    0.1525176089444997E-02   -0.1279273454889574E-03
 0.1143746260942544E-01    0.1745936777572601E-02   -0.1463030748250278E-03
 0.1202387532205893E-01    0.1997381880222433E-02   -0.1672074640978362E-03
 0.1264035405739798E-01    0.2283515822876214E-02   -0.1909662095852468E-03
 0.1328844033339037E-01    0.2608812392919753E-02   -0.2179425110863001E-03
 0.1396975470329914E-01    0.2978258813989258E-02   -0.2485404957786425E-03
 0.1468600080792988E-01    0.3397401625076017E-02   -0.2832087666445615E-03
 0.1543896963562008E-01    0.3872393861649866E-02   -0.3224440336139943E-03
 0.1623054400064294E-01    0.4410042861347538E-02   -0.3667947718870327E-03
 0.1706270325122367E-01    0.5017857809742050E-02   -0.4168648358229075E-03
 0.1793752821894113E-01    0.5704095899196421E-02   -0.4733169381424099E-03
 0.1885720642189058E-01    0.6477805692970461E-02   -0.5368758828657299E-03
 0.1982403753461838E-01    0.7348865965330073E-02   -0.6083314163585125E-03
 0.2084043913850618E-01    0.8328017925012693E-02   -0.6885405341586928E-03
 0.2190895276698367E-01    0.9426888323873079E-02   -0.7784290521270533E-03
 0.2303225026068591E-01    0.1065800050638170E-01   -0.8789922193150802E-03
 0.2421314044844671E-01    0.1203476997253588E-01   -0.9912941174113033E-03
 0.2545457617083370E-01    0.1357148051305633E-01   -0.1116465558615826E-02
 0.2675966166378783E-01    0.1528323644118179E-01   -0.1255700161503566E-02
 0.2813166032083016E-01    0.1718588590362006E-01   -0.1410248254391929E-02
 0.2957400285324549E-01    0.1929590972259566E-01   -0.1581408229774811E-02
 0.3109029586864752E-01    0.2163026972509143E-01   -0.1770514953678098E-02
 0.3268433088937651E-01    0.2420621008392853E-01   -0.1978924822754748E-02
 0.3436009383328007E-01    0.2704100486441303E-01   -0.2207997062190924E-02
 0.3612177498058387E-01    0.3015164478308830E-01   -0.2459070871762490E-02
 0.3797377945177492E-01    0.3355445619223058E-01   -0.2733438058379483E-02
 0.3992073822269722E-01    0.3726464556323249E-01   -0.3032310843774813E-02
 0.4196751970440363E-01    0.4129576331949884E-01   -0.3356784607998090E-02
 0.4411924191671926E-01    0.4565908183755606E-01   -0.3707795425145241E-02
 0.4638128528595697E-01    0.5036288387252893E-01   -0.4086072369089497E-02
 0.4875930609878561E-01    0.5541165965436030E-01   -0.4492084715491318E-02
 0.5125925064589297E-01    0.6080521352970836E-01   -0.4925984343659994E-02
 0.5388737009080979E-01    0.6653768437532739E-01   -0.5387543849769453E-02
 0.5665023610107465E-01    0.7259648815873104E-01   -0.5876091123845482E-02
 0.5955475728082583E-01    0.7896119603288689E-01   -0.6390441419845539E-02
 0.6260819644591026E-01    0.8560236725955021E-01   -0.6928828264587584E-02
 0.6581818878470604E-01    0.9248036305656035E-01   -0.7488834910746265E-02
 0.6919276095007051E-01    0.9954417509613976E-01   -0.8067328443814047E-02
 0.7274035113015324E-01    0.1067303107033828E+00   -0.8660399101578750E-02
 0.7646983014826163E-01    0.1139617855749065E+00   -0.9263307849621339E-02
 0.8039052364453982E-01    0.1211472836921394E+00   -0.9870445759697992E-02
 0.8451223539492653E-01    0.1281805525371826E+00   -0.1047530922753636E-01
 0.8884527182570151E-01    0.1349401090805115E+00   -0.1107049549279018E-01
 0.9340046778491957E-01    0.1412893375118779E+00   -0.1164772321763952E-01
 0.9818921363517440E-01    0.1470770624391115E+00   -0.1219788295522486E-01
 0.1032234837354379E+00    0.1521386803529439E+00   -0.1271112209710033E-01
 0.1085158663831950E+00    0.1562979266660166E+00   -0.1317696823370874E-01
 0.1140795952917440E+00    0.1593693448561897E+00   -0.1358449371628794E-01
 0.1199285826813733E+00    0.1611615077318698E+00   -0.1392252253682579E-01
 0.1260774540671584E+00    0.1614810185281054E+00   -0.1417987847316468E-01
 0.1325415848303679E+00    0.1601372918220522E+00   -0.1434567088966016E-01
 0.1393371386649252E+00    0.1569480819511838E+00   -0.1440961183861791E-01
 0.1464811079950624E+00    0.1517456908971858E+00   -0.1436235544875366E-01
 0.1539913564652325E+00    0.1443837497887481E+00   -0.1419584833035427E-01
 0.1618866636085246E+00    0.1347444295105470E+00   -0.1390367817445808E-01
 0.1701867718052788E+00    0.1227458972761980E+00   -0.1348140709265658E-01
 0.1789124356493201E+00    0.1083497978282296E+00   -0.1292687659894356E-01
 0.1880854738452541E+00    0.9156850011649199E-01   -0.1224047233736882E-01
 0.1977288237665927E+00    0.7247181270309314E-01   -0.1142533836295126E-01
 0.2078665988111361E+00    0.5119283408474831E-01   -0.1048753248629424E-01
 0.2185241486970266E+00    0.2793256933494221E-01   -0.9436115351449571E-02
 0.2297281228502490E+00    0.2962915968224648E-02   -0.8283166111318623E-02
 0.2415065370420756E+00   -0.2337239332657042E-01   -0.7043716676685638E-02
 0.2538888434430882E+00   -0.5065929557091559E-01   -0.5735594871121261E-02
 0.2669060042689446E+00   -0.7841771171631488E-01   -0.4379165248546070E-02
 0.2805905692020456E+00   -0.1061089427576203E+00   -0.2996956052910463E-02
 0.2949767567826956E+00   -0.1331462767963059E+00   -0.1613163201608993E-02
 0.3101005399732767E+00   -0.1589087375671556E+00   -0.2530283980309236E-03
 0.3259997361093921E+00   -0.1827576611674381E+00    0.1057901019377037E-02
 0.3427141014629037E+00   -0.2040555206305774E+00    0.2294608705686823E-02
 0.3602854306533192E+00   -0.2221861604353121E+00    0.3433504587941246E-02
 0.3787576611561113E+00   -0.2365753944655576E+00    0.4453325905253480E-02
 0.3981769831692922E+00   -0.2467108000543809E+00    0.5335980381526788E-02
 0.4185919551129680E+00   -0.2521595368595748E+00    0.6067264510755422E-02
 0.4400536250506819E+00   -0.2525831443999857E+00    0.6637395761857096E-02
 0.4626156583361626E+00   -0.2477485160466307E+00    0.7041312622401056E-02
 0.4863344718046623E+00   -0.2375345781744048E+00    0.7278718870047819E-02
 0.5112693748444305E+00   -0.2219345727837839E+00    0.7353874709800846E-02
 0.5374827177010773E+00   -0.2010541952907026E+00    0.7275163026163909E-02
 0.5650400473856650E+00   -0.1751061261311040E+00    0.7054479744672244E-02
 0.5940102715763773E+00   -0.1444016798425894E+00    0.6706510089362037E-02
 0.6244658309236064E+00   -0.1093403639070231E+00    0.6247956015596859E-02
 0.6564828801893130E+00   -0.7039809968648274E-01    0.5696774808851830E-02
 0.6901414786735977E+00   -0.2811473573660815E-01    0.5071476818909124E-02
 0.7255257904046520E+00    0.1691868238519590E-01    0.4390514494773446E-02
 0.7627242945926684E+00    0.6407259118567980E-01    0.3671778423999825E-02
 0.8018300068739527E+00    0.1126913799454991E+00    0.2932201635273135E-02
 0.8429407118984635E+00    0.1621055773443743E+00    0.2187462805721594E-02
 0.8861592078423725E+00    0.2116436949739376E+00    0.1451773012243544E-02
 0.9315935634570484E+00    0.2606436268531583E+00    0.7377291080044860E-03
 0.9793573882972270E+00    0.3084634225275207E+00    0.5621878419073476E-04
 0.1029570116804074E+01    0.3544911571153229E+00   -0.5836334446577844E-03
 0.1082357306953498E+01    0.3981535442737190E+00   -0.1174485165363610E-02
 0.1137850954216494E+01    0.4389229039137565E+00   -0.1710761340061917E-02
 0.1196189821616567E+01    0.4763221242797359E+00   -0.2188604426358365E-02
 0.1257519786709578E+01    0.5099273557216114E+00   -0.2605786806127907E-02
 0.1321994206353610E+01    0.5393683375421243E+00   -0.2961583854760905E-02
 0.1389774300181000E+01    0.5643264755371790E+00   -0.3256608383281831E-02
 0.1461029553731390E+01    0.5845310339324112E+00   -0.3492610520196594E-02
 0.1535938142253860E+01    0.5997540538074928E+00   -0.3672250703741351E-02
 0.1614687376237858E+01    0.6098048308454613E+00   -0.3798856729451908E-02
 0.1697474169786987E+01    0.6145249481752529E+00   -0.3876178289775308E-02
 0.1784505533006835E+01    0.6137849363616388E+00   -0.3908153865114713E-02
 0.1875999089638066E+01    0.6074835961990741E+00   -0.3898705029258587E-02
 0.1972183621229121E+01    0.5955508497621693E+00   -0.3851572149190716E-02
 0.2073299639209264E+01    0.5779546685149108E+00   -0.3770203057251323E-02
 0.2179599986292427E+01    0.5547121653519457E+00   -0.3657702540097011E-02
 0.2291350468715695E+01    0.5259043518028196E+00   -0.3516845464270766E-02
 0.2408830520893354E+01    0.4916934005282221E+00   -0.3350150211295126E-02
 0.2532333904148474E+01    0.4523405950847676E+00   -0.3160002218826593E-02
 0.2662169441269232E+01    0.4082225998568792E+00   -0.2948810511040595E-02
 0.2798661788726742E+01    0.3598433658237127E+00   -0.2719174153625196E-02
 0.2942152248485335E+01    0.3078390209611946E+00   -0.2474031804682908E-02
 0.3092999621435251E+01    0.2529735626626149E+00   -0.2216767170030440E-02
 0.3251581104581752E+01    0.1961240929888020E+00   -0.1951247109171774E-02
 0.3418293234234111E+01    0.1382556427960247E+00   -0.1681777603954782E-02
 0.3593552877552928E+01    0.8038714173048271E-01   -0.1412975065770385E-02
 0.3777798274935171E+01    0.2355154336479350E-01   -0.1149564737554230E-02
 0.3971490135843438E+01   -0.3124579975114902E-01   -0.8961316043636600E-03
 0.4175112790819585E+01   -0.8306598008104334E-01   -0.6568592723925705E-03
 0.4389175402563355E+01   -0.1310684571814569E+00   -0.4352961140885564E-03
 0.4614213239104344E+01   -0.1745331382100945E+00   -0.2341841800978514E-03
 0.4850789012250877E+01   -0.2128715519303068E+00   -0.5537525008919489E-04
 0.5099494284662639E+01   -0.2456281619709543E+00    0.1001579225899439E-03
 0.5360950949065451E+01   -0.2724747520650421E+00    0.2322250741300882E-03
 0.5635812783307012E+01   -0.2932020126653014E+00    0.3412620303810341E-03
 0.5924767085142062E+01   -0.3077126340712392E+00    0.4281494514218032E-03
 0.6228536390834766E+01   -0.3160192670310175E+00    0.4940433037422731E-03
 0.6547880281875716E+01   -0.3182488218724400E+00    0.5402471167139020E-03
 0.6883597284331323E+01   -0.3146521635885615E+00    0.5681432602189221E-03
 0.7236526865574901E+01   -0.3056159050530022E+00    0.5791845684349983E-03
 0.7607551533392368E+01   -0.2916713137333569E+00    0.5749324230217378E-03
 0.7997599042711387E+01   -0.2734948181091045E+00    0.5571164006391165E-03
 0.8407644715471930E+01   -0.2518954644507608E+00    0.5276862181168913E-03
 0.8838713879439149E+01   -0.2277868339784312E+00    0.4888297919034730E-03
 0.9291884432056865E+01   -0.2021439493989117E+00    0.4429407742975654E-03
 0.9768289535752617E+01   -0.1759488963151811E+00    0.3925323656676589E-03
 0.1026912045143399E+02   -0.1501314974130394E+00    0.3401080314347698E-03
 0.1079562951726135E+02   -0.1255127667215247E+00    0.2880104877702666E-03
 0.1134913328014559E+02   -0.1027586975274548E+00    0.2382754394814060E-03
 0.1193101578780117E+02   -0.8235025214312681E-01    0.1925151655304106E-03
 0.1254273204958628E+02   -0.6457264565982475E-01    0.1518500379884330E-03
 0.1318581167478415E+02   -0.4952381126182355E-01    0.1168956916371628E-03
 0.1386186269742300E+02   -0.3713901536552497E-01    0.8780269296989239E-04
 0.1457257559719868E+02   -0.2722653267036795E-01    0.6433677798022796E-04
 0.1531972752655444E+02   -0.1950840378773625E-01    0.4598269515546356E-04
 0.1610518675448773E+02   -0.1366058007591092E-01    0.3205384482922338E-04
 0.1693091733819582E+02   -0.9347955285740136E-02    0.2179259776859806E-04
 0.1779898403424185E+02   -0.6251479658043938E-02    0.1445105337297440E-04
 0.1871155746152166E+02   -0.4086320501992763E-02    0.9347528352355594E-05
 0.1967091952894174E+02   -0.2611525185387364E-02    0.5898954432527578E-05
 0.2067946914138002E+02   -0.1632656524357051E-02    0.3632817146342580E-05
 0.2173972819819762E+02   -0.9993571308024190E-03    0.2184042458022433E-05
 0.2285434789930087E+02   -0.5998304716963816E-03    0.1282530366582024E-05
 0.2402611537452199E+02   -0.3539428415970456E-03    0.7362918175551593E-06
 0.2525796065289547E+02   -0.2062085775610806E-03    0.4138750469663742E-06
 0.2655296398925679E+02   -0.1194535673229382E-03    0.2284001012282616E-06
 0.2791436356648396E+02   -0.6954864312226594E-04    0.1243402808950114E-06
 0.2934556359264142E+02   -0.4130762825536182E-04    0.6732971552722574E-07
 0.3085014281327337E+02   -0.2546015115518410E-04    0.3675081175855670E-07
 0.3243186346013171E+02   -0.1651898940312296E-04    0.2060701747751753E-07
 0.3409468065871507E+02   -0.1133810304514036E-04    0.1212924135576560E-07
 0.3584275231814270E+02   -0.8173362720523831E-05    0.7616772091508192E-08
 0.3768044952809305E+02   -0.6091776102824978E-05    0.5112454822608491E-08
 0.3961236748880471E+02   -0.4612282176353182E-05    0.3617191331555750E-08
 0.4164333700147059E+02   -0.3495034682311808E-05    0.2639252412892629E-08
 0.4377843654775712E+02   -0.2622217413160756E-05    0.1944932801832551E-08
 0.4602300498865372E+02   -0.1934054822701178E-05    0.1425178487716439E-08
 0.4838265491440612E+02   -0.1395674074048273E-05    0.1027813700816808E-08
 0.5086328667891544E+02   -0.9824317262473461E-06    0.7253971997394477E-09
 0.5347110315369635E+02   -0.6733461637719905E-06    0.4995788677050954E-09
 0.5621262523828673E+02   -0.4483300548193514E-06    0.3335020756402015E-09
 0.5909470816589314E+02   -0.2894078056774705E-06    0.2156875643372480E-09
 0.6212455864504455E+02   -0.1809797906972157E-06    0.1353946491169889E-09
 0.6530975288011747E+02   -0.1093226974443101E-06    0.8184225280367545E-10
 0.6865825551579320E+02   -0.6390951307222585E-07    0.4811220499689590E-10
 0.7217843955281801E+02   -0.3589662881468862E-07    0.2692043393577851E-10
 0.7587910728486646E+02   -0.1948485572454954E-07    0.1472470501550716E-10
 0.7976951230886041E+02   -0.1011958300918077E-07    0.7623824253882703E-11
 0.8385938266378133E+02   -0.5052611206234823E-08    0.3819776487142553E-11
 0.8815894515583484E+02   -0.2408155612044313E-08    0.1823930327786972E-11
 0.9267895093079316E+02   -0.1101135966567577E-08    0.8248348709005470E-12
 0.9743070235745957E+02   -0.4737290816993169E-09    0.3321561334091933E-12
 0.1024260812894775E+03   -0.1885516339070938E-09    0.1611707591034590E-12
