 0.0000000000000000E+00    0.0000000000000000E+00    0.0000000000000000E+00
 0.1464888467886403E-08    0.2488109413209422E-08   -0.3135787793480759E-12
 0.3004883373589934E-08    0.4998560583825492E-08   -0.4569262937391415E-12
 0.4623835506522379E-08    0.7700417788664398E-08   -0.3340962140117930E-12
 0.6325793090290573E-08    0.1053268079027309E-07   -0.3204327689000931E-12
 0.8115011905364052E-08    0.1351133882690907E-07   -0.3693291836492508E-12
 0.9995965930742960E-08    0.1664242192577877E-07   -0.4592461367280303E-12
 0.1197335853123594E-07    0.1993390659319988E-07   -0.5890710485554957E-12
 0.1405213421832203E-07    0.2339405954286560E-07   -0.7606519461176990E-12
 0.1623749101400485E-07    0.2703150912277593E-07   -0.9774383560373689E-12
 0.1853489344857512E-07    0.3085535485902157E-07   -0.1242749054979825E-11
 0.2095008622478276E-07    0.3487515602090073E-07   -0.1563831689188999E-11
 0.2348910858258601E-07    0.3910096174000578E-07   -0.1945617981289889E-11
 0.2615830940039708E-07    0.4354333546211597E-07   -0.2396342847969130E-11
 0.2896436307058510E-07    0.4821338159118646E-07   -0.2923929433072664E-11
 0.3191428618893363E-07    0.5312277332526755E-07   -0.3537773026500849E-11
 0.3501545509978486E-07    0.5828378190061042E-07   -0.4248292822466481E-11
 0.3827562434074268E-07    0.6370930731215186E-07   -0.5067138492671012E-11
 0.4170294603305579E-07    0.6941291059350498E-07   -0.6007225238885434E-11
 0.4530599026616714E-07    0.7540884774068049E-07   -0.7083048765596608E-11
 0.4909376652740141E-07    0.8171210536662612E-07   -0.8310623988202553E-11
 0.5307574623037623E-07    0.8833843817740095E-07   -0.9707833005241951E-11
 0.5726188639846966E-07    0.9530440836475249E-07   -0.1129451505669652E-10
 0.6166265456256494E-07    0.1026274270144219E-06   -0.1309271407209388E-10
 0.6628905493533010E-07    0.1103257976342500E-06   -0.1512691492331079E-10
 0.7115265592748138E-07    0.1184187619113313E-06   -0.1742429372262024E-10
 0.7626561907483577E-07    0.1269265478129080E-06   -0.2001501184492979E-10
 0.8164072944848522E-07    0.1358704201514801E-06   -0.2293253718690419E-10
 0.8729142762413383E-07    0.1452727337407013E-06   -0.2621399206211977E-10
 0.9323184329053795E-07    0.1551569892750553E-06   -0.2990054959663437E-10
 0.9947683058108790E-07    0.1655478920730859E-06   -0.3403786346969809E-10
 0.1060420052168787E-06    0.1764714138310964E-06   -0.3867654717392643E-10
 0.1129437835541465E-06    0.1879548575417055E-06   -0.4387270401973725E-10
 0.1201994236337104E-06    0.2000269257395544E-06   -0.4968851187272083E-10
 0.1278270683350633E-06    0.2127177922447780E-06   -0.5619287116291781E-10
 0.1358457907430214E-06    0.2260591775835422E-06   -0.6346212101391252E-10
 0.1442756418403704E-06    0.2400844282741685E-06   -0.7158083101773962E-10
 0.1531377006457672E-06    0.2548286001769726E-06   -0.8064267721650311E-10
 0.1624541269222654E-06    0.2703285461161189E-06   -0.9075141040226340E-10
 0.1722482165882662E-06    0.2866230079924569E-06   -0.1020219269574232E-09
 0.1825444599694479E-06    0.3037527136174819E-06   -0.1145814529161963E-09
 0.1933686030373371E-06    0.3217604785103864E-06   -0.1285708530842426E-09
 0.2047477117876480E-06    0.3406913129125218E-06   -0.1441460785475040E-09
 0.2167102399193693E-06    0.3605925342866352E-06   -0.1614797670568281E-09
 0.2292860999838330E-06    0.3815138855819321E-06   -0.1807630124211456E-09
 0.2425067381816732E-06    0.4035076595603478E-06   -0.2022073207411272E-09
 0.2564052129947074E-06    0.4266288294945793E-06   -0.2260467731335354E-09
 0.2710162778493604E-06    0.4509351865643532E-06   -0.2525404167218546E-09
 0.2863764680183328E-06    0.4764874842939838E-06   -0.2819749079322860E-09
 0.3025241919778125E-06    0.5033495903919417E-06   -0.3146674346646740E-09
 0.3194998274486721E-06    0.5315886463715518E-06   -0.3509689467163308E-09
 0.3373458223618025E-06    0.5612752353512838E-06   -0.3912677269155022E-09
 0.3561068010000500E-06    0.5924835584535473E-06   -0.4359933388422767E-09
 0.3758296755821676E-06    0.6252916202422507E-06   -0.4856209907893386E-09
 0.3965637635677972E-06    0.6597814236618239E-06   -0.5406763597835630E-09
 0.4183609109768069E-06    0.6960391749641378E-06   -0.6017409241020775E-09
 0.4412756220313464E-06    0.7341554991345564E-06   -0.6694578578095103E-09
 0.4653651954447920E-06    0.7742256663542687E-06   -0.7445385464732877E-09
 0.4906898676983756E-06    0.8163498300637074E-06   -0.8277697894360512E-09
 0.5173129636637640E-06    0.8606332772203752E-06   -0.9200217608992802E-09
 0.5453010549482219E-06    0.9071866913748362E-06   -0.1022256809670614E-08
 0.5747241263583063E-06    0.9561264292201967E-06   -0.1135539185823667E-08
 0.6056557508983357E-06    0.1007574811303809E-05   -0.1261045791797457E-08
 0.6381732737412239E-06    0.1061660427624900E-05   -0.1400078065715764E-08
 0.6723580056316995E-06    0.1118518458878568E-05   -0.1554075116036489E-08
 0.7082954262055200E-06    0.1178291014145095E-05   -0.1724628239160663E-08
 0.7460753977330867E-06    0.1241127485864040E-05   -0.1913496965464543E-08
 0.7857923898219268E-06    0.1307184922975049E-05   -0.2122626794504386E-08
 0.8275457156399195E-06    0.1376628423151683E-05   -0.2354168797033291E-08
 0.8714397802499461E-06    0.1449631545101589E-05   -0.2610501280131793E-08
 0.9175843416769288E-06    0.1526376741954975E-05   -0.2894253732373072E-08
 0.9660947853600637E-06    0.1607055816814917E-05   -0.3208333288725197E-08
 0.1017092412676520E-05    0.1691870401596707E-05   -0.3555953980062035E-08
 0.1070704744258067E-05    0.1781032460339947E-05   -0.3940669059960982E-08
 0.1127065838859076E-05    0.1874764818236113E-05   -0.4366406732185171E-08
 0.1186316628573230E-05    0.1973301717675585E-05   -0.4837509636181128E-08
 0.1248605271237174E-05    0.2076889402683731E-05   -0.5358778485411001E-08
 0.1314087520902274E-05    0.2185786733182727E-05   -0.5935520294742468E-08
 0.1382927117300871E-05    0.2300265830585570E-05   -0.6573601678853827E-08
 0.1455296195280908E-05    0.2420612756304388E-05   -0.7279507754123337E-08
 0.1531375715232703E-05    0.2547128224830454E-05   -0.8060407232252687E-08
 0.1611355915584188E-05    0.2680128353124390E-05   -0.8924224355475595E-08
 0.1695436788496068E-05    0.2819945448138591E-05   -0.9879718391219907E-08
 0.1783828579946393E-05    0.2966928834380709E-05   -0.1093657147918849E-07
 0.1876752315455018E-05    0.3121445723517625E-05   -0.1210548570673194E-07
 0.1974440352762524E-05    0.3283882128113305E-05   -0.1339829037989811E-07
 0.2077136962845610E-05    0.3454643821691337E-05   -0.1482806055855313E-07
 0.2185098940721755E-05    0.3634157347413243E-05   -0.1640924803542481E-07
 0.2298596247570535E-05    0.3822871077768170E-05   -0.1815782606191833E-07
 0.2417912685777177E-05    0.4021256327776586E-05   -0.2009144925921092E-07
 0.2543346608586357E-05    0.4229808524320326E-05   -0.2222963030280032E-07
 0.2675211666140708E-05    0.4449048434324896E-05   -0.2459393513368004E-07
 0.2813837589769559E-05    0.4679523454634953E-05   -0.2720819863125675E-07
 0.2959571016489000E-05    0.4921808966540281E-05   -0.3009876288363128E-07
 0.3112776355774981E-05    0.5176509758030328E-05   -0.3329474041181444E-07
 0.3273836700776816E-05    0.5444261516972094E-05   -0.3682830494780295E-07
 0.3443154786249595E-05    0.5725732398527864E-05   -0.4073501263441069E-07
 0.3621153995600854E-05    0.6021624670246870E-05   -0.4505415680968922E-07
 0.3808279419569616E-05    0.6332676438380840E-05   -0.4982915986324759E-07
 0.4004998969185085E-05    0.6659663459086934E-05   -0.5510800600857511E-07
 0.4211804545787937E-05    0.7003401038288156E-05   -0.6094371920758585E-07
 0.4429213271039894E-05    0.7364746024061428E-05   -0.6739489091427429E-07
 0.4657768779997231E-05    0.7744598895514845E-05   -0.7452626277703699E-07
 0.4898042580481593E-05    0.8143905952191024E-05   -0.8240936995757552E-07
 0.5150635482147220E-05    0.8563661608097627E-05   -0.9112325129230589E-07
 0.5416179098818047E-05    0.9004910794507272E-05   -0.1007552331439334E-06
 0.5695337427851240E-05    0.9468751475684283E-05   -0.1114017944706961E-06
 0.5988808510476464E-05    0.9956337281686845E-05   -0.1231695213832237E-06
 0.6297326177262543E-05    0.1046888026234150E-04   -0.1361761602686114E-06
 0.6621661883076117E-05    0.1100765376639596E-04   -0.1505517794428641E-06
 0.6962626636120645E-05    0.1157399544971247E-04   -0.1664400502509444E-06
 0.7321073025879346E-05    0.1216931041615625E-04   -0.1839996595727885E-06
 0.7697897355033002E-05    0.1279507449455480E-04   -0.2034058668179479E-06
 0.8094041880683526E-05    0.1345283765474039E-04   -0.2248522197047832E-06
 0.8510497170487513E-05    0.1414422756521761E-04   -0.2485524444250846E-06
 0.8948304579591345E-05    0.1487095329441408E-04   -0.2747425271936303E-06
 0.9408558854561478E-05    0.1563480915674563E-04   -0.3036830056746446E-06
 0.9892410870821081E-05    0.1643767870384480E-04   -0.3356614903617043E-06
 0.1040107051043806E-04    0.1728153886022632E-04   -0.3709954376598600E-06
 0.1093580968746044E-04    0.1816846420137305E-04   -0.4100351981705017E-06
 0.1149796552836397E-04    0.1910063137069157E-04   -0.4531673654982803E-06
 0.1208894371556481E-04    0.2008032362996114E-04   -0.5008184527666907E-06
 0.1271022200235775E-04    0.2110993553574984E-04   -0.5534589259188891E-06
 0.1336335390806918E-04    0.2219197773174968E-04   -0.6116076247576353E-06
 0.1404997260266460E-04    0.2332908184403873E-04   -0.6758366044958463E-06
 0.1477179499052420E-04    0.2452400546285980E-04   -0.7467764322858280E-06
 0.1553062600359813E-04    0.2577963719054746E-04   -0.8251219746901931E-06
 0.1632836311467648E-04    0.2709900173069031E-04   -0.9116387132488108E-06
 0.1716700108205966E-04    0.2848526498840622E-04   -0.1007169626053510E-05
 0.1804863693749314E-04    0.2994173914567618E-04   -0.1112642673400539E-05
 0.1897547522983911E-04    0.3147188766897340E-04   -0.1229078924943607E-05
 0.1994983353759693E-04    0.3307933019887684E-04   -0.1357601364059911E-05
 0.2097414826405659E-04    0.3476784726293054E-04   -0.1499444402047295E-05
 0.2205098072957594E-04    0.3654138474367976E-04   -0.1655964129895279E-05
 0.2318302357621577E-04    0.3840405802360681E-04   -0.1828649328229229E-05
 0.2437310750074745E-04    0.4036015571762354E-04   -0.2019133246014737E-05
 0.2562420833286936E-04    0.4241414289199629E-04   -0.2229206144995660E-05
 0.2693945447633111E-04    0.4457066365626823E-04   -0.2460828588730677E-05
 0.2832213473157248E-04    0.4683454300221434E-04   -0.2716145431404864E-05
 0.2977570651943756E-04    0.4921078775161045E-04   -0.2997500431012879E-05
 0.3130380452652774E-04    0.5170458646324569E-04   -0.3307451372453916E-05
 0.3291024979381145E-04    0.5432130814017434E-04   -0.3648785536647456E-05
 0.3459905927121687E-04    0.5706649957191691E-04   -0.4024535289696321E-05
 0.3637445586209909E-04    0.5994588114496823E-04   -0.4437993488682716E-05
 0.3824087898269810E-04    0.6296534096086609E-04   -0.4892728304670817E-05
 0.4020299566299177E-04    0.6613092711724550E-04   -0.5392596945124029E-05
 0.4226571221670179E-04    0.6944883803774406E-04   -0.5941757612794655E-05
 0.4443418650963349E-04    0.7292541078633886E-04   -0.6544678861065635E-05
 0.4671384085702703E-04    0.7656710737720123E-04   -0.7206145290814142E-05
 0.4911037558216980E-04    0.8038049920044219E-04   -0.7931258274462822E-05
 0.5162978327017385E-04    0.8437224983726983E-04   -0.8725430081634167E-05
 0.5427836375256006E-04    0.8854909674714774E-04   -0.9594369409967829E-05
 0.5706273986011834E-04    0.9291783258912554E-04   -0.1054405588663923E-04
 0.5998987398343435E-04    0.9748528730629454E-04   -0.1158070059487339E-04
 0.6306708548249245E-04    0.1022583125747850E-03   -0.1271068909339676E-04
 0.6630206898888816E-04    0.1072437708154684E-03   -0.1394050274303240E-04
 0.6970291364641513E-04    0.1124485317027467E-03   -0.1527661346177282E-04
 0.7327812333813805E-04    0.1178794799849055E-03   -0.1672534636846147E-04
 0.7703663795052979E-04    0.1235435394328219E-03   -0.1829270430385261E-04
 0.8098785572784418E-04    0.1294477187802510E-03   -0.1998414827111355E-04
 0.8514165677262189E-04    0.1355991864144670E-03   -0.2180432910416324E-04
 0.8950842775109324E-04    0.1420053808932378E-03   -0.2375676952789728E-04
 0.9409908786525382E-04    0.1486741632246694E-03   -0.2584350488810521E-04
 0.9892511615655710E-04    0.1556140125758870E-03   -0.2806470996697929E-04
 0.1039985802094972E-03    0.1628342569492181E-03   -0.3041837524262607E-04
 0.1093321663268559E-03    0.1703453111250395E-03   -0.3290015378753631E-04
 0.1149392112520675E-03    0.1781588654191109E-03   -0.3550356789412328E-04
 0.1208337355180243E-03    0.1862879456537677E-03   -0.3822076950450380E-04
 0.1270304785057119E-03    0.1947467880627415E-03   -0.4104385315277031E-04
 0.1335449353003386E-03    0.2035505638103135E-03   -0.4396634000336585E-04
 0.1403933954371200E-03    0.2127150799480743E-03   -0.4698423706315287E-04
 0.1475929836336018E-03    0.2222565805735383E-03   -0.5009632540512571E-04
 0.1551617026103730E-03    0.2321916817858802E-03   -0.5330381303806401E-04
 0.1631184781072453E-03    0.2425373966086333E-03   -0.5660973169145875E-04
 0.1714832062074601E-03    0.2533111943454850E-03   -0.6001836688630473E-04
 0.1802768030882603E-03    0.2645310618920237E-03   -0.6353483090793736E-04
 0.1895212573222279E-03    0.2762155550320065E-03   -0.6716478147720002E-04
 0.1992396848601690E-03    0.2883838379703312E-03   -0.7091425255234696E-04
 0.2094563868330313E-03    0.3010557130821175E-03   -0.7478956045049215E-04
 0.2201969103173893E-03    0.3142516435267440E-03   -0.7879725634341985E-04
 0.2314881122164428E-03    0.3279927709375211E-03   -0.8294410540528827E-04
 0.2433582264162638E-03    0.3423009296887960E-03   -0.8723708035585555E-04
 0.2558369343852183E-03    0.3571986586160508E-03   -0.9168336228199361E-04
 0.2689554393930972E-03    0.3727092105991492E-03   -0.9629034486079578E-04
 0.2827465445355445E-03    0.3888565601055130E-03   -0.1010656399955554E-03
 0.2972447347588821E-03    0.4056654085967844E-03   -0.1060170838909825E-03
 0.3124862630904384E-03    0.4231611875835875E-03   -0.1111527431050120E-03
 0.3285092412899997E-03    0.4413700590367927E-03   -0.1164809203514662E-03
 0.3453537351490618E-03    0.4603189128107422E-03   -0.1220101599258525E-03
 0.3630618646761771E-03    0.4800353606882615E-03   -0.1277492526629582E-03
 0.3816779094189163E-03    0.5005477266148202E-03   -0.1337072403433098E-03
 0.4012484191858008E-03    0.5218850326450156E-03   -0.1398934194621524E-03
 0.4218223304450712E-03    0.5440769800781584E-03   -0.1463173442682682E-03
 0.4434510886913474E-03    0.5671539252087640E-03   -0.1529888289695003E-03
 0.4661887770861622E-03    0.5911468490645463E-03   -0.1599179489923759E-03
 0.4900922516940355E-03    0.6160873204450124E-03   -0.1671150411706481E-03
 0.5152212836522509E-03    0.6420074515119325E-03   -0.1745907027258692E-03
 0.5416387086298322E-03    0.6689398451144795E-03   -0.1823557888888240E-03
 0.5694105839494456E-03    0.6969175329600108E-03   -0.1904214089964747E-03
 0.5986063537651136E-03    0.7259739036635628E-03   -0.1987989208829444E-03
 0.6292990227087730E-03    0.7561426196262865E-03   -0.2074999233661808E-03
 0.6615653384398801E-03    0.7874575216046835E-03   -0.2165362466135914E-03
 0.6954859835545361E-03    0.8199525197388517E-03   -0.2259199401503660E-03
 0.7311457773340025E-03    0.8536614697081332E-03   -0.2356632582531810E-03
 0.7686338878370852E-03    0.8886180325775486E-03   -0.2457786424495645E-03
 0.8080440548667263E-03    0.9248555167878512E-03   -0.2562787008193945E-03
 0.8494748243683396E-03    0.9624067006256984E-03   -0.2671761837695817E-03
 0.8930297948460028E-03    0.1001303633389278E-02   -0.2784839559261701E-03
 0.9388178764126811E-03    0.1041577413338958E-02   -0.2902149637597571E-03
 0.9869535631222379E-03    0.1083257940392236E-02   -0.3023821985302956E-03
 0.1037557219264207E-02    0.1126373641388792E-02   -0.3149986541061188E-03
 0.1090755380337209E-02    0.1170951165615613E-02   -0.3280772791794056E-03
 0.1146681069453613E-02    0.1217015048145027E-02   -0.3416309233665625E-03
 0.1205474129966599E-02    0.1264587338401848E-02   -0.3556722766471107E-03
 0.1267281575151388E-02    0.1313687191241263E-02   -0.3702138015588678E-03
 0.1332257955815003E-02    0.1364330417689457E-02   -0.3852676575309846E-03
 0.1400565746753787E-02    0.1416528992376563E-02   -0.4008456166997825E-03
 0.1472375753025026E-02    0.1470290514579972E-02   -0.4169589705160802E-03
 0.1547867537048561E-02    0.1525617619699081E-02   -0.4336184264168926E-03
 0.1627229867606365E-02    0.1582507337905287E-02   -0.4508339938001124E-03
 0.1710661191862824E-02    0.1640950396658574E-02   -0.4686148585085797E-03
 0.1798370131586015E-02    0.1700930463761124E-02   -0.4869692450006143E-03
 0.1890576004810793E-02    0.1762423327635897E-02   -0.5059042653588385E-03
 0.1987509374248114E-02    0.1825396011583621E-02   -0.5254257542692583E-03
 0.2089412623811908E-02    0.1889805818893871E-02   -0.5455380890891615E-03
 0.2196540564705118E-02    0.1955599305877148E-02   -0.5662439941176146E-03
 0.2309161072580428E-02    0.2022711180157436E-02   -0.5875443281878483E-03
 0.2427555757368930E-02    0.2091063121932916E-02   -0.6094378547185734E-03
 0.2552020667451633E-02    0.2160562526393603E-02   -0.6319209933944028E-03
 0.2682867029934619E-02    0.2231101166096234E-02   -0.6549875526963406E-03
 0.2820422028878922E-02    0.2302553772859519E-02   -0.6786284425751120E-03
 0.2965029623431102E-02    0.2374776539679882E-02   -0.7028313666567471E-03
 0.3117051407900273E-02    0.2447605544303637E-02   -0.7275804934949934E-03
 0.3276867515932217E-02    0.2520855097454304E-02   -0.7528561065433452E-03
 0.3444877571041508E-02    0.2594316020332758E-02   -0.7786342327157816E-03
 0.3621501685878449E-02    0.2667753857915805E-02   -0.8048862496447264E-03
 0.3807181512729525E-02    0.2740907036809373E-02   -0.8315784720332692E-03
 0.4002381347878166E-02    0.2813484979003908E-02   -0.8586717178423128E-03
 0.4207589292587296E-02    0.2885166185867438E-02   -0.8861208554587821E-03
 0.4423318473606734E-02    0.2955596310138005E-02   -0.9138743334651420E-03
 0.4650108326257341E-02    0.3024386237578667E-02   -0.9418736951802265E-03
 0.4888525943300301E-02    0.3091110204377272E-02   -0.9700530807745296E-03
 0.5139167492964413E-02    0.3155303981343836E-02   -0.9983387204861420E-03
 0.5402659709677190E-02    0.3216463161517332E-02   -0.1026648423284272E-02
 0.5679661461227380E-02    0.3274041593967989E-02   -0.1054891066252087E-02
 0.5970865396277627E-02    0.3327450013392538E-02   -0.1082966090994608E-02
 0.6276999676346912E-02    0.3376054922559333E-02   -0.1110763014526634E-02
 0.6598829796593634E-02    0.3419177792763625E-02   -0.1138160963362061E-02
 0.6937160499952235E-02    0.3456094656179225E-02   -0.1165028240911269E-02
 0.7292837789409701E-02    0.3486036173296798E-02   -0.1191221939795160E-02
 0.7666751043453704E-02    0.3508188268448030E-02   -0.1216587612298912E-02
 0.8059835239982070E-02    0.3521693436621095E-02   -0.1240959013904933E-02
 0.8473073294234534E-02    0.3525652835223644E-02   -0.1264157936649396E-02
 0.8907498516592817E-02    0.3519129284950242E-02   -0.1285994150919946E-02
 0.9364197196394806E-02    0.3501151314188889E-02   -0.1306265476223491E-02
 0.9844311318223727E-02    0.3470718391148992E-02   -0.1324758003371757E-02
 0.1034904141746443E-01    0.3426807496668877E-02   -0.1341246492404117E-02
 0.1087964958226718E-01    0.3368381198010259E-02   -0.1355494972346885E-02
 0.1143746260942544E-01    0.3294397389218197E-02   -0.1367257570513967E-02
 0.1202387532205893E-01    0.3203820866163516E-02   -0.1376279600416690E-02
 0.1264035405739798E-01    0.3095636903304909E-02   -0.1382298938360635E-02
 0.1328844033339037E-01    0.2968866993598621E-02   -0.1385047719363065E-02
 0.1396975470329914E-01    0.2822586901715894E-02   -0.1384254382987976E-02
 0.1468600080792988E-01    0.2655947162603948E-02   -0.1379646098925931E-02
 0.1543896963562008E-01    0.2468196131074817E-02   -0.1370951600475942E-02
 0.1623054400064294E-01    0.2258705652070673E-02   -0.1357904451338345E-02
 0.1706270325122367E-01    0.2026999373966627E-02   -0.1340246767104211E-02
 0.1793752821894113E-01    0.1772783667118303E-02   -0.1317733407322295E-02
 0.1885720642189058E-01    0.1495981035208699E-02   -0.1290136646820965E-02
 0.1982403753461838E-01    0.1196765816235112E-02   -0.1257251325842473E-02
 0.2084043913850618E-01    0.8756018617769179E-03   -0.1218900467296137E-02
 0.2190895276698367E-01    0.5332817563508316E-03   -0.1174941335859018E-02
 0.2303225026068591E-01    0.1709669924292818E-03   -0.1125271897579614E-02
 0.2421314044844671E-01   -0.2097716490929159E-03   -0.1069837619954565E-02
 0.2545457617083370E-01   -0.6069144479681270E-03   -0.1008638531099016E-02
 0.2675966166378783E-01   -0.1017954960313452E-02   -0.9417364326690554E-03
 0.2813166032083016E-01   -0.1439865454726518E-02   -0.8692621347888375E-03
 0.2957400285324549E-01   -0.1869067149286100E-02   -0.7914225527236244E-03
 0.3109029586864752E-01   -0.2301407060549691E-02   -0.7085074749506437E-03
 0.3268433088937651E-01   -0.2732143501855174E-02   -0.6208957813773829E-03
 0.3436009383328007E-01   -0.3155942479344114E-02   -0.5290608597692711E-03
 0.3612177498058387E-01   -0.3566887416952267E-02   -0.4335749392969052E-03
 0.3797377945177492E-01   -0.3958504780319075E-02   -0.3351120341229058E-03
 0.3992073822269722E-01   -0.4323808245680615E-02   -0.2344491690499989E-03
 0.4196751970440363E-01   -0.4655364052408131E-02   -0.1324655456503372E-03
 0.4411924191671926E-01   -0.4945380063945960E-02   -0.3013930342144894E-04
 0.4638128528595697E-01   -0.5185820817068356E-02    0.7145846106358295E-04
 0.4875930609878561E-01   -0.5368550438665967E-02    0.1711727307301754E-03
 0.5125925064589297E-01   -0.5485504728464789E-02    0.2677769333352619E-03
 0.5388737009080979E-01   -0.5528892923236804E-02    0.3599888483467317E-03
 0.5665023610107465E-01   -0.5491428655456983E-02    0.4464901866159832E-03
 0.5955475728082583E-01   -0.5366588385792889E-02    0.5259498701770780E-03
 0.6260819644591026E-01   -0.5148894122188895E-02    0.5970509129726599E-03
 0.6581818878470604E-01   -0.4834215548600713E-02    0.6585206549118317E-03
 0.6919276095007051E-01   -0.4420084798822249E-02    0.7091639333337531E-03
 0.7274035113015324E-01   -0.3906015068983742E-02    0.7478985909368084E-03
 0.7646983014826163E-01   -0.3293812131504847E-02    0.7737925222788628E-03
 0.8039052364453982E-01   -0.2587865683391721E-02    0.7861012584794311E-03
 0.8451223539492653E-01   -0.1795405449122362E-02    0.7843048900392093E-03
 0.8884527182570151E-01   -0.9267052066240654E-03    0.7681429410910168E-03
 0.9340046778491957E-01    0.4783416556031721E-05    0.7376456474488730E-03
 0.9818921363517440E-01    0.9823862297207824E-03    0.6931599702903970E-03
 0.1032234837354379E+00    0.1986269574944931E-02    0.6353686138519631E-03
 0.1085158663831950E+00    0.2993628801716601E-02    0.5653003270372213E-03
 0.1140795952917440E+00    0.3979017311450546E-02    0.4843298731592735E-03
 0.1199285826813733E+00    0.4914827613349305E-02    0.3941662649769496E-03
 0.1260774540671584E+00    0.5771930623814076E-02    0.2968281949708226E-03
 0.1325415848303679E+00    0.6520472772864426E-02    0.1946060470740122E-03
 0.1393371386649252E+00    0.7130822463429555E-02    0.9001044892179305E-04
 0.1464811079950624E+00    0.7574648299191194E-02   -0.1429200661051013E-04
 0.1539913564652325E+00    0.7826101619927904E-02   -0.1155545085569409E-03
 0.1618866636085246E+00    0.7863065746616186E-02   -0.2110351304199694E-03
 0.1701867718052788E+00    0.7668424526114845E-02   -0.2980884594265575E-03
 0.1789124356493201E+00    0.7231293926341468E-02   -0.3742603001545473E-03
 0.1880854738452541E+00    0.6548153244469980E-02   -0.4373815190254801E-03
 0.1977288237665927E+00    0.5623807625000542E-02   -0.4856567958673256E-03
 0.2078665988111361E+00    0.4472111684665710E-02   -0.5177439509714552E-03
 0.2185241486970266E+00    0.3116385709263399E-02   -0.5328196255862589E-03
 0.2297281228502490E+00    0.1589461675953666E-02   -0.5306274029355158E-03
 0.2415065370420756E+00   -0.6669325176975521E-04   -0.5115049539870586E-03
 0.2538888434430882E+00   -0.1801812741444897E-02   -0.4763874708214392E-03
 0.2669060042689446E+00   -0.3558643306252016E-02   -0.4267855153507641E-03
 0.2805905692020456E+00   -0.5274723370361539E-02   -0.3647364773487333E-03
 0.2949767567826956E+00   -0.6884590821658478E-02   -0.2927301182189517E-03
 0.3101005399732767E+00   -0.8322348158369982E-02   -0.2136101715765586E-03
 0.3259997361093921E+00   -0.9524481601515526E-02   -0.1304556325237591E-03
 0.3427141014629037E+00   -0.1043280051416044E-01   -0.4644708722808372E-04
 0.3602854306533192E+00   -0.1099733980058527E-01    0.3527496193904873E-04
 0.3787576611561113E+00   -0.1117905438514239E-01    0.1117515620891261E-03
 0.3981769831692922E+00   -0.1095213453271251E-01    0.1803376868055660E-03
 0.4185919551129680E+00   -0.1030578549856863E-01    0.2388167822524567E-03
 0.4400536250506819E+00   -0.9245344700449401E-02    0.2854897953344565E-03
 0.4626156583361626E+00   -0.7792652005299007E-02    0.3192329400105239E-03
 0.4863344718046623E+00   -0.5985639497361674E-02    0.3395210966924786E-03
 0.5112693748444305E+00   -0.3877160525921909E-02    0.3464167408000682E-03
 0.5374827177010773E+00   -0.1533127802281073E-02    0.3405272464539954E-03
 0.5650400473856650E+00    0.9699285722430107E-03    0.3229359012980119E-03
 0.5940102715763773E+00    0.3547743733313020E-02    0.2951136808084238E-03
 0.6244658309236064E+00    0.6111487456910187E-02    0.2588196006969037E-03
 0.6564828801893130E+00    0.8571065286581397E-02    0.2159973052775206E-03
 0.6901414786735977E+00    0.1083840587515487E-01    0.1686746236138365E-03
 0.7255257904046520E+00    0.1283060571975762E-01    0.1188713999258208E-03
 0.7627242945926684E+00    0.1447282263751900E-01    0.6851927765103450E-04
 0.8018300068739527E+00    0.1570082999642923E-01    0.1939555280034700E-04
 0.8429407118984635E+00    0.1646316306847065E-01   -0.2692810015475989E-04
 0.8861592078423725E+00    0.1672280638639272E-01   -0.6912219568620748E-04
 0.9315935634570484E+00    0.1645838720160132E-01   -0.1061220881463011E-03
 0.9793573882972270E+00    0.1566485618533682E-01   -0.1371378426093835E-03
 0.1029570116804074E+01    0.1435365350768883E-01   -0.1616526315351078E-03
 0.1082357306953498E+01    0.1255237692213000E-01   -0.1794110601916274E-03
 0.1137850954216494E+01    0.1030398807690019E-01   -0.1903989277053768E-03
 0.1196189821616567E+01    0.7665612495290006E-02   -0.1948160801330630E-03
 0.1257519786709578E+01    0.4707005143211050E-02   -0.1930442016357979E-03
 0.1321994206353610E+01    0.1508764395749213E-02   -0.1856115785407157E-03
 0.1389774300181000E+01   -0.1839620198333028E-02   -0.1731569984466593E-03
 0.1461029553731390E+01   -0.5241808674578882E-02   -0.1563949520691099E-03
 0.1535938142253860E+01   -0.8596681044508876E-02   -0.1360841447662398E-03
 0.1614687376237858E+01   -0.1180040747348814E-01   -0.1130009788051381E-03
 0.1697474169786987E+01   -0.1474852511232167E-01   -0.8791914533587872E-04
 0.1784505533006835E+01   -0.1733806849479344E-01   -0.6159580007459197E-04
 0.1875999089638066E+01   -0.1946983780769044E-01   -0.3476404125627329E-04
 0.1972183621229121E+01   -0.2105091676985739E-01   -0.8130629841708872E-05
 0.2073299639209264E+01   -0.2199756123741024E-01    0.1762282925144784E-04
 0.2179599986292427E+01   -0.2223856307465333E-01    0.4183759731960973E-04
 0.2291350468715695E+01   -0.2171914498225536E-01    0.6387707637774619E-04
 0.2408830520893354E+01   -0.2040535797738415E-01    0.8313029359338934E-04
 0.2532333904148474E+01   -0.1828883660045662E-01    0.9902179347695752E-04
 0.2662169441269232E+01   -0.1539162717448459E-01    0.1110292473442056E-03
 0.2798661788726742E+01   -0.1177065849979078E-01    0.1187088196940478E-03
 0.2942152248485335E+01   -0.7521295373927313E-02    0.1217268309260110E-03
 0.3092999621435251E+01   -0.2779329497437137E-02    0.1198947570429879E-03
 0.3251581104581752E+01    0.2279255690599113E-02    0.1132033813800237E-03
 0.3418293234234111E+01    0.7441341890643583E-02    0.1018512110113418E-03
 0.3593552877552928E+01    0.1246298928756395E-01    0.8626225673172118E-04
 0.3777798274935171E+01    0.1707919278452086E-01    0.6708899079708278E-04
 0.3971490135843438E+01    0.2101695009539477E-01    0.4519765409805893E-04
 0.4175112790819585E+01    0.2401115314235524E-01    0.2163490312610466E-04
 0.4389175402563355E+01    0.2582245364033783E-01   -0.2423160561578204E-05
 0.4614213239104344E+01    0.2625593207909682E-01   -0.2573648727144045E-04
 0.4850789012250877E+01    0.2517915958220781E-01   -0.4707620148283098E-04
 0.5099494284662639E+01    0.2253812305600045E-01   -0.6530310787299486E-04
 0.5360950949065451E+01    0.1836951274661506E-01   -0.7944268163428233E-04
 0.5635812783307012E+01    0.1280805560353847E-01   -0.8874982262407587E-04
 0.5924767085142062E+01    0.6087901212590300E-02   -0.9275770064277183E-04
 0.6228536390834766E+01   -0.1462510393135355E-02   -0.9130679902501097E-04
 0.6547880281875716E+01   -0.9432203353172127E-02   -0.8455247486769483E-04
 0.6883597284331323E+01   -0.1734569476277623E-01   -0.7295159952173904E-04
 0.7236526865574901E+01   -0.2468655667209551E-01   -0.5723073784849512E-04
 0.7607551533392368E+01   -0.3092546243748824E-01   -0.3833960134782231E-04
 0.7997599042711387E+01   -0.3555144656219254E-01   -0.1739407550427661E-04
 0.8407644715471930E+01   -0.3810495317956689E-01    0.4386947668623841E-05
 0.8838713879439149E+01   -0.3821113459559138E-01    0.2574721296373151E-04
 0.9291884432056865E+01   -0.3561176040745587E-01    0.4545822381047932E-04
 0.9768289535752617E+01   -0.3019399107412733E-01    0.6238156512862749E-04
 0.1026912045143399E+02   -0.2201415321051674E-01    0.7552671591322112E-04
 0.1079562951726135E+02   -0.1131454012147358E-01    0.8410297005508147E-04
 0.1134913328014559E+02    0.1468819364661015E-02    0.8756415755682469E-04
 0.1193101578780117E+02    0.1570948084944123E-01    0.8564470679674463E-04
 0.1254273204958628E+02    0.3060690919817608E-01    0.7838528248904351E-04
 0.1318581167478415E+02    0.4521737277996211E-01    0.6614587605964567E-04
 0.1386186269742300E+02    0.5850033984069847E-01    0.4960394270764372E-04
 0.1457257559719868E+02    0.6938034002595320E-01    0.2973511525194151E-04
 0.1531972752655444E+02    0.7682291653197691E-01    0.7774322535904730E-05
 0.1610518675448773E+02    0.7992160501727825E-01   -0.1484407645210131E-04
 0.1693091733819582E+02    0.7799091454412099E-01   -0.3656718349782862E-04
 0.1779898403424185E+02    0.7065821285355885E-01   -0.5582359740061850E-04
 0.1871155746152166E+02    0.5794547901701028E-01   -0.7113831057556449E-04
 0.1967091952894174E+02    0.4033040775824050E-01   -0.8125548985803389E-04
 0.2067946914138002E+02    0.1877571683886343E-01   -0.8525950128956030E-04
 0.2173972819819762E+02   -0.5283877339055260E-02   -0.8268231437408647E-04
 0.2285434789930087E+02   -0.3000533847595879E-01   -0.7358411260598377E-04
 0.2402611537452199E+02   -0.5325593513222116E-01   -0.5859402339940129E-04
 0.2525796065289547E+02   -0.7278525775514053E-01   -0.3889976415087578E-04
 0.2655296398925679E+02   -0.8644173034014879E-01   -0.1617891061507960E-04
 0.2791436356648396E+02   -0.9241656596621577E-01    0.7529612868688842E-05
 0.2934556359264142E+02   -0.8949022648911446E-01    0.3000773946474612E-04
 0.3085014281327337E+02   -0.7725021402148814E-01    0.4907979620988372E-04
 0.3243186346013171E+02   -0.5624599715081216E-01    0.6285107388011368E-04
 0.3409468065871507E+02   -0.2804851284864436E-01    0.6993496940722153E-04
 0.3584275231814270E+02    0.4810991023749476E-02    0.6963731189016835E-04
 0.3768044952809305E+02    0.3903476899477149E-01    0.6206803671363981E-04
 0.3961236748880471E+02    0.7087876976310242E-01    0.4815710201684851E-04
 0.4164333700147059E+02    0.9657177611126808E-01    0.2956329491298192E-04
 0.4377843654775712E+02    0.1127853737237141E+00    0.8480142681458813E-05
 0.4602300498865372E+02    0.1170905405167164E+00   -0.1263974084403840E-04
 0.4838265491440612E+02    0.1083293350556502E+00   -0.3140494164414867E-04
 0.5086328667891544E+02    0.8683489111775797E-01   -0.4580250316477363E-04
 0.5347110315369635E+02    0.5445099772330973E-01   -0.5446152893761997E-04
 0.5621262523828673E+02    0.1433251522605163E-01   -0.5681893458850574E-04
 0.5909470816589314E+02   -0.2945471400280546E-01   -0.5315873185315888E-04
 0.6212455864504455E+02   -0.7247796928486297E-01   -0.4451854166341548E-04
 0.6530975288011747E+02   -0.1105392809728176E+00   -0.3248177037198375E-04
 0.6865825551579320E+02   -0.1402335039403013E+00   -0.1889568266300132E-04
 0.7217843955281801E+02   -0.1593673175742013E+00   -0.5569324741751074E-05
 0.7587910728486646E+02   -0.1671695778298115E+00    0.5992602978189743E-05
 0.7976951230886041E+02   -0.1642648245591315E+00    0.1477398253584339E-04
 0.8385938266378133E+02   -0.1524292782154500E+00    0.2032368537395242E-04
 0.8815894515583484E+02   -0.1341909953890408E+00    0.2272294365176897E-04
 0.9267895093079316E+02   -0.1123627171957334E+00    0.2246558473867160E-04
 0.9743070235745957E+02   -0.8960117169448849E-01    0.2028876443243625E-04
 0.1024260812894775E+03   -0.6807001786068574E-01    0.1699679408811565E-04
 0.1076775787761537E+03   -0.4925109195222606E-01    0.1331470651568390E-04
 0.1131983262965877E+03   -0.3391004953305855E-01    0.9794335050096049E-05
 0.1190021285952095E+03   -0.2218861030832574E-01    0.6778814275126037E-05
 0.1251034982008314E+03   -0.1377455756149095E-01    0.4416649945771422E-05
 0.1315176917155289E+03   -0.8095716485290014E-02    0.2707472210722865E-05
 0.1382607479640929E+03   -0.4493380247471297E-02    0.1559482868532454E-05
 0.1453495280994460E+03   -0.2348325628146916E-02    0.8422652845736110E-06
 0.1528017577643072E+03   -0.1151696053978102E-02    0.4253905832449062E-06
 0.1606360714145318E+03   -0.5279758532271595E-03    0.2002297839937759E-06
 0.1688720589149570E+03   -0.2252314385573563E-03    0.8747742710914838E-07
 0.1775303145242683E+03   -0.8894403808315304E-04    0.3529973769449457E-07
 0.1866324883913728E+03   -0.3231754432482355E-04    0.1308086627936871E-07
 0.1962013406920489E+03   -0.1072732588457636E-04    0.4420674117044769E-08
 0.2062607985412410E+03   -0.3225421029693097E-05    0.1351201925905630E-08
 0.2168360158233096E+03   -0.8694956186631921E-06    0.3697811142422955E-09
 0.2279534360898445E+03   -0.2075153455611903E-06    0.8948179346741888E-10
 0.2396408586823176E+03   -0.4315392510957154E-07    0.1884612105305554E-10
 0.2519275082449168E+03   -0.7659252219243778E-08    0.3384150728283758E-11
 0.2648441078013784E+03   -0.1124842717030799E-08    0.5028151778805117E-12
