 0.0000000000000000E+00    0.0000000000000000E+00    0.0000000000000000E+00
 0.1464888467886403E-08    0.9888355940460130E-23    0.7225265694761285E-27
 0.3004883373589934E-08    0.5189883526833919E-22    0.4100422205898883E-26
 0.4623835506522379E-08    0.1900369330938566E-21   -0.2528167563637702E-26
 0.6325793090290573E-08    0.4861930665239521E-21   -0.1031122092375737E-26
 0.8115011905364052E-08    0.1026154481917001E-20   -0.8110087097830850E-26
 0.9995965930742960E-08    0.1917516189463377E-20   -0.1653202698487630E-25
 0.1197335853123594E-07    0.3295016591608492E-20   -0.3509577047774424E-25
 0.1405213421832203E-07    0.5325931846643567E-20   -0.6623641885345935E-25
 0.1623749101400485E-07    0.8216630575084325E-20   -0.1181980153598061E-24
 0.1853489344857512E-07    0.1222029488831279E-19   -0.2006465041624948E-24
 0.2095008622478276E-07    0.1764605500984299E-19   -0.3275176580039909E-24
 0.2348910858258601E-07    0.2486977048109249E-19   -0.5175244707035593E-24
 0.2615830940039708E-07    0.3434674632558292E-19   -0.7959848467647457E-24
 0.2896436307058510E-07    0.4662671672190507E-19   -0.1196480489015206E-23
 0.3191428618893363E-07    0.6237148585572871E-19   -0.1763540898258943E-23
 0.3501545509978486E-07    0.8237568078052494E-19   -0.2555484442982864E-23
 0.3827562434074268E-07    0.1075911474272353E-18   -0.3648522060374227E-23
 0.4170294603305579E-07    0.1391556097593746E-18   -0.5141461257514009E-23
 0.4530599026616714E-07    0.1784263156314944E-18   -0.7162024002428006E-23
 0.4909376652740141E-07    0.2270195135652258E-18   -0.9874425390171191E-23
 0.5307574623037623E-07    0.2868567452181863E-18   -0.1348915832480362E-22
 0.5726188639846966E-07    0.3602191020426629E-18   -0.1827498409663763E-22
 0.6166265456256494E-07    0.4498107853080432E-18   -0.2457410406988141E-22
 0.6628905493533010E-07    0.5588335307032764E-18   -0.3282091494477363E-22
 0.7115265592748138E-07    0.6910737172715940E-18   -0.4356549481140267E-22
 0.7626561907483577E-07    0.8510042814253860E-18   -0.5750271526431206E-22
 0.8164072944848522E-07    0.1043903907180351E-17   -0.7550849411417884E-22
 0.8729142762413383E-07    0.1275996371600542E-17   -0.9868473473857478E-22
 0.9323184329053795E-07    0.1554613399138923E-17   -0.1284151040655931E-21
 0.9947683058108790E-07    0.1888384930995750E-17   -0.1664341093705233E-21
 0.1060420052168787E-06    0.2287461358478786E-17   -0.2149126453361329E-21
 0.1129437835541465E-06    0.2763773017375730E-17   -0.2765638048456228E-21
 0.1201994236337104E-06    0.3331333110677724E-17   -0.3547736991120188E-21
 0.1278270683350633E-06    0.4006591239547154E-17   -0.4537630611479008E-21
 0.1358457907430214E-06    0.4808845900364643E-17   -0.5787867720191234E-21
 0.1442756418403704E-06    0.5760725675944359E-17   -0.7363800484217915E-21
 0.1531377006457672E-06    0.6888750442871459E-17   -0.9346620467575423E-21
 0.1624541269222654E-06    0.8223985770775385E-17   -0.1183710071550900E-20
 0.1722482165882662E-06    0.9802805845497108E-17   -0.1496020587377613E-20
 0.1825444599694479E-06    0.1166778275569554E-16   -0.1887076903759288E-20
 0.1933686030373371E-06    0.1386872289860734E-16   -0.2376047915287726E-20
 0.2047477117876480E-06    0.1646387465183580E-16   -0.2986647798213969E-20
 0.2167102399193693E-06    0.1952133540138917E-16   -0.3748193333494123E-20
 0.2292860999838330E-06    0.2312069060143309E-16   -0.4696903812119346E-20
 0.2425067381816732E-06    0.2735492287263778E-16   -0.5877498630180999E-20
 0.2564052129947074E-06    0.3233263534477249E-16   -0.7345160109804149E-20
 0.2710162778493604E-06    0.3818064065617303E-16   -0.9167944301581786E-20
 0.2863764680183328E-06    0.4504697540157399E-16   -0.1142974115532380E-19
 0.3025241919778125E-06    0.5310440956077722E-16   -0.1423390825331429E-19
 0.3194998274486721E-06    0.6255453176480530E-16   -0.1770773021514093E-19
 0.3373458223618025E-06    0.7363250442049185E-16   -0.2200789004683904E-19
 0.3561068010000500E-06    0.8661259801744161E-16   -0.2732718051336259E-19
 0.3758296755821676E-06    0.1018146317299498E-15   -0.3390273476761674E-19
 0.3965637635677972E-06    0.1196114681039911E-15   -0.4202611805560609E-19
 0.4183609109768069E-06    0.1404377336543533E-15   -0.5205569888420619E-19
 0.4412756220313464E-06    0.1647999651338948E-15   -0.6443181170081579E-19
 0.4653651954447920E-06    0.1932884137084711E-15   -0.7969533770101645E-19
 0.4906898676983756E-06    0.2265907770125776E-15   -0.9851047050638920E-19
 0.5173129636637640E-06    0.2655081729265828E-15   -0.1216926048298694E-18
 0.5453010549482219E-06    0.3109737198993879E-15   -0.1502424958251974E-18
 0.5747241263583063E-06    0.3640741478941050E-15   -0.1853880931004710E-18
 0.6056557508983357E-06    0.4260749328994171E-15   -0.2286357667523670E-18
 0.6381732737412239E-06    0.4984495279833950E-15   -0.2818330259439647E-18
 0.6723580056316995E-06    0.5829133568796221E-15   -0.3472452990217183E-18
 0.7082954262055200E-06    0.6814633441907139E-15   -0.4276499169079889E-18
 0.7460753977330867E-06    0.7964238819154027E-15   -0.5264511416864349E-18
 0.7857923898219268E-06    0.9305002779918609E-15   -0.6478209382339039E-18
 0.8275457156399195E-06    0.1086840902201088E-14   -0.7968712330438585E-18
 0.8714397802499461E-06    0.1269109441923639E-14   -0.9798646833102263E-18
 0.9175843416769288E-06    0.1481568909344969E-14   -0.1204472542554320E-17
 0.9660947853600637E-06    0.1729179307934599E-14   -0.1480090119697671E-17
 0.1017092412676520E-05    0.2017711175395882E-14   -0.1818222663626209E-17
 0.1070704744258067E-05    0.2353877579782710E-14   -0.2232957359173126E-17
 0.1127065838859076E-05    0.2745487563225666E-14   -0.2741540608177804E-17
 0.1186316628573230E-05    0.3201624513134369E-14   -0.3365084031482893E-17
 0.1248605271237174E-05    0.3732853504804165E-14   -0.4129427836210089E-17
 0.1314087520902274E-05    0.4351462314786186E-14   -0.5066196557282784E-17
 0.1382927117300871E-05    0.5071741565973244E-14   -0.6214089959320533E-17
 0.1455296195280908E-05    0.5910310350297233E-14   -0.7620461387901742E-17
 0.1531375715232703E-05    0.6886494703194837E-14   -0.9343247470339202E-17
 0.1611355915584188E-05    0.8022767498777089E-14   -0.1145332725283018E-16
 0.1695436788496068E-05    0.9345259722887465E-14   -0.1403740619390032E-16
 0.1783828579946393E-05    0.1088435469426655E-13   -0.1720154161060376E-16
 0.1876752315455018E-05    0.1267537867823762E-13   -0.2107545204543023E-16
 0.1974440352762524E-05    0.1475940351495091E-13   -0.2581778462820767E-16
 0.2077136962845610E-05    0.1718417941437397E-13   -0.3162255311847388E-16
 0.2185098940721755E-05    0.2000521900993109E-13   -0.3872700648076343E-16
 0.2298596247570535E-05    0.2328705717823886E-13   -0.4742124546196066E-16
 0.2417912685777177E-05    0.2710471510073519E-13   -0.5805997501900056E-16
 0.2543346608586357E-05    0.3154540165357553E-13   -0.7107686641064616E-16
 0.2675211666140708E-05    0.3671049056884379E-13   -0.8700210776669839E-16
 0.2813837589769559E-05    0.4271781803356426E-13   -0.1064838501912937E-15
 0.2959571016489000E-05    0.4970435262335279E-13   -0.1303144130828801E-15
 0.3112776355774981E-05    0.5782929786761217E-13   -0.1594623036353152E-15
 0.3273836700776816E-05    0.6727769750205681E-13   -0.1951113390796215E-15
 0.3443154786249595E-05    0.7826462480165940E-13   -0.2387084454801358E-15
 0.3621153995600854E-05    0.9104005055793390E-13   -0.2920220552179181E-15
 0.3808279419569616E-05    0.1058944995650518E-12   -0.3572134505965415E-15
 0.4004998969185085E-05    0.1231656232536687E-12   -0.4369239202728641E-15
 0.4211804545787937E-05    0.1432458367590432E-12   -0.5343812291660465E-15
 0.4429213271039894E-05    0.1665911926949963E-12   -0.6535296764038819E-15
 0.4657768779997231E-05    0.1937316917661897E-12   -0.7991889605489222E-15
 0.4898042580481593E-05    0.2252832627135563E-12   -0.9772482243933902E-15
 0.5150635482147220E-05    0.2619616816776837E-12   -0.1194903058845637E-14
 0.5416179098818047E-05    0.3045987447255152E-12   -0.1460944962708819E-14
 0.5695337427851240E-05    0.3541610579954753E-12   -0.1786114850545420E-14
 0.5988808510476464E-05    0.4117718688108932E-12   -0.2183534757264037E-14
 0.6297326177262543E-05    0.4787364295095419E-12   -0.2669235006573322E-14
 0.6621661883076117E-05    0.5565714651679979E-12   -0.3262797914023085E-14
 0.6962626636120645E-05    0.6470394086382435E-12   -0.3988143733713128E-14
 0.7321073025879346E-05    0.7521881734196783E-12   -0.4874490213068886E-14
 0.7697897355033002E-05    0.8743973592509350E-12   -0.5957524013922048E-14
 0.8094041880683526E-05    0.1016431929692974E-11   -0.7280830659842168E-14
 0.8510497170487513E-05    0.1181504568599897E-11   -0.8897639906504754E-14
 0.8948304579591345E-05    0.1373348116960954E-11   -0.1087295590125095E-13
 0.9408558854561478E-05    0.1596299717462615E-11   -0.1328615668214391E-13
 0.9892410870821081E-05    0.1855398556265546E-11   -0.1623416605054552E-13
 0.1040107051043806E-04    0.2156499395712466E-11   -0.1983532334307455E-13
 0.1093580968746044E-04    0.2506404444690470E-11   -0.2423410398647910E-13
 0.1149796552836397E-04    0.2913016522936474E-11   -0.2960687697967158E-13
 0.1208894371556481E-04    0.3385516950690464E-11   -0.3616892586375953E-13
 0.1271022200235775E-04    0.3934572146174215E-11   -0.4418300882461969E-13
 0.1336335390806918E-04    0.4572573552438547E-11   -0.5396979314375638E-13
 0.1404997260266460E-04    0.5313916256092795E-11   -0.6592057146080813E-13
 0.1477179499052420E-04    0.6175322519382861E-11   -0.8051275486232131E-13
 0.1553062600359813E-04    0.7176217442587998E-11   -0.9832874381266762E-13
 0.1632836311467648E-04    0.8339165127194672E-11   -0.1200789061529574E-12
 0.1716700108205966E-04    0.9690375046508656E-11   -0.1466295462899777E-12
 0.1804863693749314E-04    0.1126028987779550E-10   -0.1790369365955480E-12
 0.1897547522983911E-04    0.1308426784155509E-10   -0.2185887072244807E-12
 0.1994983353759693E-04    0.1520337466697392E-10   -0.2668541614389823E-12
 0.2097414826405659E-04    0.1766530270150909E-10   -0.3257454087676466E-12
 0.2205098072957594E-04    0.2052543745703343E-10   -0.3975915980153434E-12
 0.2318302357621577E-04    0.2384809509258122E-10   -0.4852289979231729E-12
 0.2437310750074745E-04    0.2770795804063528E-10   -0.5921102284758446E-12
 0.2562420833286936E-04    0.3219174026604574E-10   -0.7224366055210716E-12
 0.2693945447633111E-04    0.3740011859127045E-10   -0.8813183422568079E-12
 0.2832213473157248E-04    0.4344997222876988E-10   -0.1074968271531428E-11
 0.2977570651943756E-04    0.5047697924597129E-10   -0.1310935832173047E-11
 0.3130380452652774E-04    0.5863862628220333E-10   -0.1598389320457332E-11
 0.3291024979381145E-04    0.6811769659209243E-10   -0.1948455863180153E-11
 0.3459905927121687E-04    0.7912631158076303E-10   -0.2374630237588140E-11
 0.3637445586209909E-04    0.9191061262433947E-10   -0.2893265555716842E-11
 0.3824087898269810E-04    0.1067561833680387E-09   -0.3524160946233393E-11
 0.4020299566299177E-04    0.1239943281348116E-09   -0.4291263688602599E-11
 0.4226571221670179E-04    0.1440093398771543E-09   -0.5223505739140018E-11
 0.4443418650963349E-04    0.1672469116366121E-09   -0.6355797153982415E-11
 0.4671384085702703E-04    0.1942238691826644E-09   -0.7730201420513249E-11
 0.4911037558216980E-04    0.2255394299159127E-09   -0.9397319934130841E-11
 0.5162978327017385E-04    0.2618882248828148E-09   -0.1141791446253537E-10
 0.5427836375256006E-04    0.3040753576482627E-09   -0.1386479692352841E-10
 0.5706273986011834E-04    0.3530338167842152E-09   -0.1682501444077388E-10
 0.5998987398343435E-04    0.4098446090801317E-09   -0.2040235341284075E-10
 0.6306708548249245E-04    0.4757600398098423E-09   -0.2472017782345955E-10
 0.6630206898888816E-04    0.5522306364658469E-09   -0.2992460234259197E-10
 0.6970291364641513E-04    0.6409362958008835E-09   -0.3618797748039898E-10
 0.7327812333813805E-04    0.7438223339723620E-09   -0.4371262923054326E-10
 0.7703663795052979E-04    0.8631412400231229E-09   -0.5273474624196975E-10
 0.8098785572784418E-04    0.1001501078597270E-08   -0.6352824166758376E-10
 0.8514165677262189E-04    0.1161921663926586E-08   -0.7640833680546113E-10
 0.8950842775109324E-04    0.1347899838440550E-08   -0.9173453355638380E-10
 0.9409908786525382E-04    0.1563485437383133E-08   -0.1099126044001351E-09
 0.9892511615655710E-04    0.1813369798238606E-08   -0.1313953313806661E-09
 0.1039985802094972E-03    0.2102988954763315E-08   -0.1566821673957171E-09
 0.1093321663268559E-03    0.2438643884377988E-08   -0.1863190813756323E-09
 0.1149392112520675E-03    0.2827640284789930E-08   -0.2209017396164234E-09
 0.1208337355180243E-03    0.3278450355826090E-08   -0.2610870957973679E-09
 0.1270304785057119E-03    0.3800899196315621E-08   -0.3076180829987361E-09
 0.1335449353003386E-03    0.4406379146846963E-08   -0.3613609406291628E-09
 0.1403933954371200E-03    0.5108096833399264E-08   -0.4233474763431191E-09
 0.1475929836336018E-03    0.5921359070152514E-08   -0.4948134547230160E-09
 0.1551617026103730E-03    0.6863904549674981E-08   -0.5772306897267647E-09
 0.1631184781072453E-03    0.7956288766564577E-08   -0.6723364768889351E-09
 0.1714832062074601E-03    0.9222330447805864E-08   -0.7821654290961027E-09
 0.1802768030882603E-03    0.1068962900134301E-07   -0.9090874726230859E-09
 0.1895212573222279E-03    0.1239016404881049E-07   -0.1055854183250752E-08
 0.1992396848601690E-03    0.1436098991846259E-07   -0.1225654762961600E-08
 0.2094563868330313E-03    0.1664504004706662E-07   -0.1422182707386534E-08
 0.2201969103173893E-03    0.1929205861837040E-07   -0.1649714307031993E-08
 0.2314881122164428E-03    0.2235967950524060E-07   -0.1913200384149513E-08
 0.2433582264162638E-03    0.2591467574373316E-07   -0.2218373006479102E-08
 0.2558369343852183E-03    0.3003440641888537E-07   -0.2571869304281520E-08
 0.2689554393930972E-03    0.3480849206200236E-07   -0.2981374938633011E-08
 0.2827465445355445E-03    0.4034075453696816E-07   -0.3455790230122196E-08
 0.2972447347588821E-03    0.4675146303114422E-07   -0.4005422467781599E-08
 0.3124862630904384E-03    0.5417993428259270E-07   -0.4642208491704669E-08
 0.3285092412899997E-03    0.6278754270531901E-07   -0.5379972294579022E-08
 0.3453537351490618E-03    0.7276120477420634E-07   -0.6234723133666944E-08
 0.3630618646761771E-03    0.8431741208128196E-07   -0.7225000503035398E-08
 0.3816779094189163E-03    0.9770689908212444E-07   -0.8372273305000140E-08
 0.4012484191858008E-03    0.1132200449542170E-06   -0.9701401700753955E-08
 0.4218223304450712E-03    0.1311931244624495E-06   -0.1124117143659082E-07
 0.4434510886913474E-03    0.1520155405866597E-06   -0.1302491196087302E-07
 0.4661887770861622E-03    0.1761381922752946E-06   -0.1509121139864170E-07
 0.4900922516940355E-03    0.2040831544654233E-06   -0.1748474347076737E-07
 0.5152212836522509E-03    0.2364548749320499E-06   -0.2025722377318834E-07
 0.5416387086298322E-03    0.2739531241495587E-06   -0.2346851551543006E-07
 0.5694105839494456E-03    0.3173879707971304E-06   -0.2718790790936594E-07
 0.5986063537651136E-03    0.3676970975428448E-06   -0.3149559395992401E-07
 0.6292990227087730E-03    0.4259658201286481E-06   -0.3648437850884209E-07
 0.6615653384398801E-03    0.4934502285020647E-06   -0.4226165210033539E-07
 0.6954859835545361E-03    0.5716039328897549E-06   -0.4895167166477821E-07
 0.7311457773340025E-03    0.6621089715287414E-06   -0.5669819525730124E-07
 0.7686338878370852E-03    0.7669115216876391E-06   -0.6566752526133353E-07
 0.8080440548667263E-03    0.8882631532488329E-06   -0.7605202270800018E-07
 0.8494748243683396E-03    0.1028768476339173E-05   -0.8807416482517383E-07
 0.8930297948460028E-03    0.1191440163406919E-05   -0.1019912287903813E-06
 0.9388178764126811E-03    0.1379762474155322E-05   -0.1181006971191582E-06
 0.9869535631222379E-03    0.1597764581599047E-05   -0.1367464944012848E-06
 0.1037557219264207E-02    0.1850105192322440E-05   -0.1583261814583246E-06
 0.1090755380337209E-02    0.2142170177321979E-05   -0.1832992517276851E-06
 0.1146681069453613E-02    0.2480185185613580E-05   -0.2121966961095596E-06
 0.1205474129966599E-02    0.2871345505611150E-05   -0.2456320270144415E-06
 0.1267281575151388E-02    0.3323965774255822E-05   -0.2843139803381617E-06
 0.1332257955815003E-02    0.3847652516771935E-05   -0.3290611460384694E-06
 0.1400565746753787E-02    0.4453502937248738E-05   -0.3808188144192476E-06
 0.1472375753025026E-02    0.5154333879304591E-05   -0.4406783667359827E-06
 0.1547867537048561E-02    0.5964945445075562E-05   -0.5098995859786901E-06
 0.1627229867606365E-02    0.6902424408848800E-05   -0.5899363174008913E-06
 0.1710661191862824E-02    0.7986493299059607E-05   -0.6824659693618563E-06
 0.1798370131586015E-02    0.9239911860464672E-05   -0.7894234142382160E-06
 0.1890576004810793E-02    0.1068893855971137E-04   -0.9130399275378679E-06
 0.1987509374248114E-02    0.1236386087618480E-04   -0.1055887892010378E-05
 0.2089412623811908E-02    0.1429960434128087E-04   -0.1220932093694013E-05
 0.2196540564705118E-02    0.1653643166994328E-04   -0.1411588549776973E-05
 0.2309161072580428E-02    0.1912074488675835E-04   -0.1631791935294515E-05
 0.2427555757368930E-02    0.2210600510501028E-04   -0.1886072818557433E-05
 0.2552020667451633E-02    0.2555378659227880E-04   -0.2179646075436536E-05
 0.2682867029934619E-02    0.2953498397330793E-04   -0.2518512031933865E-05
 0.2820422028878922E-02    0.3413119390423361E-04   -0.2909572084657915E-05
 0.2965029623431102E-02    0.3943629532722981E-04   -0.3360760771750919E-05
 0.3117051407900273E-02    0.4555825550746243E-04   -0.3881196514390038E-05
 0.3276867515932217E-02    0.5262119249160340E-04   -0.4481353523092747E-05
 0.3444877571041508E-02    0.6076772843554260E-04   -0.5173257665534381E-05
 0.3621501685878449E-02    0.7016167245389446E-04   -0.5970709425143498E-05
 0.3807181512729525E-02    0.8099107626898237E-04   -0.6889537443878996E-05
 0.4002381347878166E-02    0.9347171100246301E-04   -0.7947886539494255E-05
 0.4207589292587296E-02    0.1078510189739130E-03   -0.9166544517986756E-05
 0.4423318473606734E-02    0.1244126003557866E-03   -0.1056931256592817E-04
 0.4650108326257341E-02    0.1434813009817391E-03   -0.1218342450425439E-04
 0.4888525943300301E-02    0.1654289745011731E-03   -0.1404002071308080E-04
 0.5139167492964413E-02    0.1906809993860871E-03   -0.1617468309304015E-04
 0.5402659709677190E-02    0.2197236389746060E-03   -0.1862803800762601E-04
 0.5679661461227380E-02    0.2531123406997174E-03   -0.2144643474602144E-04
 0.5970865396277627E-02    0.2914810787890666E-03   -0.2468270764718983E-04
 0.6276999676346912E-02    0.3355528528778947E-03   -0.2839703062063500E-04
 0.6598829796593634E-02    0.3861514629478382E-03   -0.3265787337029081E-04
 0.6937160499952235E-02    0.4442146885236492E-03   -0.3754306915381317E-04
 0.7292837789409701E-02    0.5108090067891117E-03   -0.4314100436279035E-04
 0.7666751043453704E-02    0.5871459897967697E-03   -0.4955194055601759E-04
 0.8059835239982070E-02    0.6746005247155182E-03   -0.5688947977608717E-04
 0.8473073294234534E-02    0.7747310024379982E-03   -0.6528218397799486E-04
 0.8907498516592817E-02    0.8893016180704829E-03   -0.7487535913555784E-04
 0.9364197196394806E-02    0.1020306920907804E-02   -0.8583301399334174E-04
 0.9844311318223727E-02    0.1169998740331994E-02   -0.9834000241094439E-04
 0.1034904141746443E-01    0.1340915596343093E-02   -0.1126043567001171E-03
 0.1087964958226718E-01    0.1535914677590165E-02   -0.1288598171637291E-03
 0.1143746260942544E-01    0.1758206434037032E-02   -0.1473685600714459E-03
 0.1202387532205893E-01    0.2011391783733023E-02   -0.1684241223937926E-03
 0.1264035405739798E-01    0.2299501871261575E-02   -0.1923545165884177E-03
 0.1328844033339037E-01    0.2627040236741852E-02   -0.2195255223960416E-03
 0.1396975470329914E-01    0.2999027155937214E-02   -0.2503441347484148E-03
 0.1468600080792988E-01    0.3421045791028234E-02   -0.2852621372938656E-03
 0.1543896963562008E-01    0.3899289644703429E-02   -0.3247797594784713E-03
 0.1623054400064294E-01    0.4440610634065453E-02   -0.3694493613558801E-03
 0.1706270325122367E-01    0.5052566892099711E-02   -0.4198790741250206E-03
 0.1793752821894113E-01    0.5743469159900871E-02   -0.4767363056330662E-03
 0.1885720642189058E-01    0.6522424349631238E-02   -0.5407509986052774E-03
 0.1982403753461838E-01    0.7399374533997660E-02   -0.6127185051281284E-03
 0.2084043913850618E-01    0.8385129251465947E-02   -0.6935019139837460E-03
 0.2190895276698367E-01    0.9491388607317621E-02   -0.7840336380265595E-03
 0.2303225026068591E-01    0.1073075420050744E-01   -0.8853160373092681E-03
 0.2421314044844671E-01    0.1211672441880154E-01   -0.9984208207366731E-03
 0.2545457617083370E-01    0.1366367012631708E-01   -0.1124486935552561E-02
 0.2675966166378783E-01    0.1538678622816389E-01   -0.1264716621150761E-02
 0.2813166032083016E-01    0.1730201405026230E-01   -0.1420369273077875E-02
 0.2957400285324549E-01    0.1942592893715559E-01   -0.1592752736529454E-02
 0.3109029586864752E-01    0.2177558697072449E-01   -0.1783211628324035E-02
 0.3268433088937651E-01    0.2436832427817685E-01   -0.1993112274746748E-02
 0.3436009383328007E-01    0.2722150206520297E-01   -0.2223823852481276E-02
 0.3612177498058387E-01    0.3035219032354794E-01   -0.2476695333918431E-02
 0.3797377945177492E-01    0.3377678317270233E-01   -0.2753027869277963E-02
 0.3992073822269722E-01    0.3751053906177846E-01   -0.3054042288937890E-02
 0.4196751970440363E-01    0.4156703964619230E-01   -0.3380841482645327E-02
 0.4411924191671926E-01    0.4595756213772346E-01   -0.3734367510105461E-02
 0.4638128528595697E-01    0.5069036138506312E-01   -0.4115353421716854E-02
 0.4875930609878561E-01    0.5576985995859755E-01   -0.4524269920597694E-02
 0.5125925064589297E-01    0.6119574717319194E-01   -0.4961267179072110E-02
 0.5388737009080979E-01    0.6696199136934607E-01   -0.5426112336102675E-02
 0.5665023610107465E-01    0.7305577396189383E-01   -0.5918123448724623E-02
 0.5955475728082583E-01    0.7945635881656410E-01   -0.6436100952767447E-02
 0.6260819644591026E-01    0.8613391646240155E-01   -0.6978258008784716E-02
 0.6581818878470604E-01    0.9304832948658609E-01   -0.7542151470704071E-02
 0.6919276095007051E-01    0.1001480131249091E+00   -0.8124615618449488E-02
 0.7274035113015324E-01    0.1073687934162537E+00   -0.8721701239582477E-02
 0.7646983014826163E-01    0.1146328940939360E+00   -0.9328623120683872E-02
 0.8039052364453982E-01    0.1218480922816515E+00   -0.9939719499058575E-02
 0.8451223539492653E-01    0.1289071115510751E+00   -0.1054842749842002E-01
 0.8884527182570151E-01    0.1356873283420404E+00   -0.1114727898108309E-01
 0.9340046778491957E-01    0.1420508733696966E+00   -0.1172792152843334E-01
 0.9818921363517440E-01    0.1478452125660912E+00   -0.1228116932906879E-01
 0.1032234837354379E+00    0.1529042913979568E+00   -0.1279708851739418E-01
 0.1085158663831950E+00    0.1570503211747829E+00   -0.1326512087248275E-01
 0.1140795952917440E+00    0.1600962754589066E+00   -0.1367424868275828E-01
 0.1199285826813733E+00    0.1618491484159297E+00   -0.1401320196930635E-01
 0.1260774540671584E+00    0.1621140047640768E+00   -0.1427070716132592E-01
 0.1325415848303679E+00    0.1606988231904438E+00   -0.1443577382955120E-01
 0.1393371386649252E+00    0.1574201024324726E+00   -0.1449801338848632E-01
 0.1464811079950624E+00    0.1521091627675007E+00   -0.1444798103017693E-01
 0.1539913564652325E+00    0.1446190367054551E+00   -0.1427752984807210E-01
 0.1618866636085246E+00    0.1348318025126275E+00   -0.1398016443907824E-01
 0.1701867718052788E+00    0.1226661738328968E+00   -0.1355138045388200E-01
 0.1789124356493201E+00    0.1080851187425636E+00   -0.1298897668330978E-01
 0.1880854738452541E+00    0.9110324232272841E-01   -0.1229332722294834E-01
 0.1977288237665927E+00    0.7179362839672059E-01   -0.1146760275846065E-01
 0.2078665988111361E+00    0.5029379903920857E-01   -0.1051793161933791E-01
 0.2185241486970266E+00    0.2681041661290090E-01   -0.9453492468383401E-02
 0.2297281228502490E+00    0.1622326264362796E-02   -0.8286530932436502E-02
 0.2415065370420756E+00   -0.2491847650553377E-01   -0.7032291998803118E-02
 0.2538888434430882E+00   -0.5238835922359639E-01   -0.5708858856366276E-02
 0.2669060042689446E+00   -0.8029640978166280E-01   -0.4336887753941333E-02
 0.2805905692020456E+00   -0.1080919131531063E+00   -0.2939228465576403E-02
 0.2949767567826956E+00   -0.1351750829223022E+00   -0.1540422345313796E-02
 0.3101005399732767E+00   -0.1609109893078727E+00   -0.1660758015869629E-03
 0.3259997361093921E+00   -0.1846463861870048E+00    0.1157883172144041E-02
 0.3427141014629037E+00   -0.2057288749130605E+00    0.2406044434826674E-02
 0.3602854306533192E+00   -0.2235275833331935E+00    0.3554414791204333E-02
 0.3787576611561113E+00   -0.2374543226575248E+00    0.4581325635285256E-02
 0.3981769831692922E+00   -0.2469840519879554E+00    0.5468286902742398E-02
 0.4185919551129680E+00   -0.2516734623858873E+00    0.6200720613076447E-02
 0.4400536250506819E+00   -0.2511766058966482E+00    0.6768511551700513E-02
 0.4626156583361626E+00   -0.2452567352192365E+00    0.7166326178995274E-02
 0.4863344718046623E+00   -0.2337938590916531E+00    0.7393672297055866E-02
 0.5112693748444305E+00   -0.2167879099711953E+00    0.7454698278441536E-02
 0.5374827177010773E+00   -0.1943578060167665E+00    0.7357757591045060E-02
 0.5650400473856650E+00   -0.1667370102365265E+00    0.7114787573137770E-02
 0.5940102715763773E+00   -0.1342663983903937E+00    0.6740567297626855E-02
 0.6244658309236064E+00   -0.9738531619038363E-01    0.6251925741803964E-02
 0.6564828801893130E+00   -0.5662163279353171E-01    0.5666967956712321E-02
 0.6901414786735977E+00   -0.1258140404198694E-01    0.5004374815956741E-02
 0.7255257904046520E+00    0.3406151091316752E-01    0.4282813818613342E-02
 0.7627242945926684E+00    0.8257582458252499E-01    0.3520477643429960E-02
 0.8018300068739527E+00    0.1321833784768009E+00    0.2734747136148085E-02
 0.8429407118984635E+00    0.1820702214019830E+00    0.1941959184164392E-02
 0.8861592078423725E+00    0.2313985587102574E+00    0.1157249707982404E-02
 0.9315935634570484E+00    0.2793197843726238E+00    0.3944389145729411E-03
 0.9793573882972270E+00    0.3249885374565490E+00   -0.3340700534236878E-03
 0.1029570116804074E+01    0.3675773705083136E+00   -0.1017398121122120E-02
 0.1082357306953498E+01    0.4062912533818739E+00   -0.1646308560164783E-02
 0.1137850954216494E+01    0.4403808506529930E+00   -0.2213327955557435E-02
 0.1196189821616567E+01    0.4691533915212909E+00   -0.2712849205700980E-02
 0.1257519786709578E+01    0.4919800679266557E+00   -0.3141188468135101E-02
 0.1321994206353610E+01    0.5082992863893608E+00   -0.3496566769846171E-02
 0.1389774300181000E+01    0.5176157549450019E+00   -0.3778992495513972E-02
 0.1461029553731390E+01    0.5194962532596138E+00   -0.3990032421571956E-02
 0.1535938142253860E+01    0.5135639099370668E+00   -0.4132474676144714E-02
 0.1614687376237858E+01    0.4994937556638021E+00   -0.4209904648936093E-02
 0.1697474169786987E+01    0.4770130666401546E+00   -0.4226231890439182E-02
 0.1784505533006835E+01    0.4459103803331604E+00   -0.4185219964427029E-02
 0.1875999089638066E+01    0.4060568821039557E+00   -0.4090079916174041E-02
 0.1972183621229121E+01    0.3574429826349725E+00   -0.3943189812468434E-02
 0.2073299639209264E+01    0.3002312436808006E+00   -0.3745996554457686E-02
 0.2179599986292427E+01    0.2348243610254383E+00   -0.3499141336640854E-02
 0.2291350468715695E+01    0.1619437946342674E+00   -0.3202826948639760E-02
 0.2408830520893354E+01    0.8271111007671320E-01   -0.2857414736222985E-02
 0.2532333904148474E+01   -0.1279409684884634E-02   -0.2464203708568744E-02
 0.2662169441269232E+01   -0.8791121854418972E-01   -0.2026307507441277E-02
 0.2798661788726742E+01   -0.1745349383436239E+00   -0.1549511533932737E-02
 0.2942152248485335E+01   -0.2580121787324728E+00   -0.1042968368436097E-02
 0.3092999621435251E+01   -0.3348259276144855E+00   -0.5195812482720707E-03
 0.3251581104581752E+01   -0.4012633524742651E+00    0.4061033912688366E-05
 0.3418293234234111E+01   -0.4536675055520520E+00    0.5082945730990342E-03
 0.3593552877552928E+01   -0.4887428464287213E+00    0.9715662772061766E-03
 0.3777798274935171E+01   -0.5038872080919273E+00    0.1372137296227494E-02
 0.3971490135843438E+01   -0.4975120181146506E+00    0.1690148236136349E-02
 0.4175112790819585E+01   -0.4693057742818669E+00    0.1909800594778162E-02
 0.4389175402563355E+01   -0.4203953434182489E+00    0.2021346852321587E-02
 0.4614213239104344E+01   -0.3533672449278479E+00    0.2022565204304553E-02
 0.4850789012250877E+01   -0.2721270467617234E+00    0.1919435138284806E-02
 0.5099494284662639E+01   -0.1815979835377853E+00    0.1725828632102632E-02
 0.5360950949065451E+01   -0.8728663928912876E-01    0.1462179806989146E-02
 0.5635812783307012E+01    0.5231007351826443E-02    0.1153273069021723E-02
 0.5924767085142062E+01    0.9083177668449249E-01    0.8254636540695271E-03
 0.6228536390834766E+01    0.1652992184178950E+00    0.5037727832380411E-03
 0.6547880281875716E+01    0.2256437967897554E+00    0.2093399182835137E-03
 0.6883597284331323E+01    0.2702496912364682E+00   -0.4235822239191817E-04
 0.7236526865574901E+01    0.2988429999745304E+00   -0.2422884061237295E-03
 0.7607551533392368E+01    0.3123096524224833E+00   -0.3876381857951495E-03
 0.7997599042711387E+01    0.3124147198109314E+00   -0.4807984775286133E-03
 0.8407644715471930E+01    0.3014827623351937E+00   -0.5278892662588994E-03
 0.8838713879439149E+01    0.2820918277790214E+00   -0.5371845517469833E-03
 0.9291884432056865E+01    0.2568170131806803E+00   -0.5177168361136755E-03
 0.9768289535752617E+01    0.2280402856520355E+00   -0.4782185296107887E-03
 0.1026912045143399E+02    0.1978274027456030E+00   -0.4264383715159162E-03
 0.1079562951726135E+02    0.1678630654724381E+00   -0.3687883411714498E-03
 0.1134913328014559E+02    0.1394316538584888E+00   -0.3102389000097922E-03
 0.1193101578780117E+02    0.1134310878591483E+00   -0.2543778038866699E-03
 0.1254273204958628E+02    0.9040931822388477E-01   -0.2035635863679699E-03
 0.1318581167478415E+02    0.7061512672798483E-01   -0.1591251720671122E-03
 0.1386186269742300E+02    0.5405661282466769E-01   -0.1215762196755432E-03
 0.1457257559719868E+02    0.4056191307305837E-01   -0.9082449815168758E-04
 0.1531972752655444E+02    0.2983758664732725E-01   -0.6636372154873950E-04
 0.1610518675448773E+02    0.2152098132867238E-01   -0.4743962534173988E-04
 0.1693091733819582E+02    0.1522393096712448E-01   -0.3318525508960994E-04
 0.1779898403424185E+02    0.1056632892398612E-01   -0.2272337729601410E-04
 0.1871155746152166E+02    0.7199343018813023E-02   -0.1523682872789388E-04
 0.1967091952894174E+02    0.4819101353385290E-02   -0.1001022133576862E-04
 0.2067946914138002E+02    0.3172431191506666E-02   -0.6448287737851191E-05
 0.2173972819819762E+02    0.2056609004116397E-02   -0.4077011196116419E-05
 0.2285434789930087E+02    0.1315109283765957E-02   -0.2533551825615909E-05
 0.2402611537452199E+02    0.8311171356160596E-03   -0.1550124470791145E-05
 0.2525796065289547E+02    0.5202074691742011E-03   -0.9357659255706242E-06
 0.2655296398925679E+02    0.3231884704506450E-03   -0.5586651292949822E-06
 0.2791436356648396E+02    0.1997262911448487E-03   -0.3306195166928617E-06
 0.2934556359264142E+02    0.1230506502325356E-03   -0.1943134501800305E-06
 0.3085014281327337E+02    0.7580529427825320E-04   -0.1135063003180771E-06
 0.3243186346013171E+02    0.4695456154139706E-04   -0.6584471540846988E-07
 0.3409468065871507E+02    0.2957813451768087E-04   -0.3783334484507460E-07
 0.3584275231814270E+02    0.1936211307992973E-04   -0.2145850223556121E-07
 0.3768044952809305E+02    0.1360624809225873E-04   -0.1200545814554065E-07
 0.3961236748880471E+02    0.1059564548286290E-04   -0.6697268528829108E-08
 0.4164333700147059E+02    0.9218506718145024E-05   -0.3875701608213313E-08
 0.4377843654775712E+02    0.8741443774789663E-05   -0.2526588701770232E-08
 0.4602300498865372E+02    0.8680380428618855E-05   -0.2013803309011566E-08
 0.4838265491440612E+02    0.8724243174129651E-05   -0.1933457266855132E-08
 0.5086328667891544E+02    0.8687435267879031E-05   -0.2033751610137634E-08
 0.5347110315369635E+02    0.8475506464249695E-05   -0.2164225447607162E-08
 0.5621262523828673E+02    0.8057793570036011E-05   -0.2242736923969500E-08
 0.5909470816589314E+02    0.7447738025414779E-05   -0.2236617761678810E-08
 0.6212455864504455E+02    0.6685645913212513E-05   -0.2142183244408496E-08
 0.6530975288011747E+02    0.5825349695603075E-05   -0.1971041002080768E-08
 0.6865825551579320E+02    0.4924443049969292E-05   -0.1744841938758520E-08
 0.7217843955281801E+02    0.4036533391059390E-05   -0.1487539771504681E-08
 0.7587910728486646E+02    0.3206233028533761E-05   -0.1222129166485984E-08
 0.7976951230886041E+02    0.2465848732240262E-05   -0.9679115476310028E-09
 0.8385938266378133E+02    0.1834455863326419E-05   -0.7388208445809542E-09
 0.8815894515583484E+02    0.1318666733239226E-05   -0.5433279227276683E-09
 0.9267895093079316E+02    0.9147232758336253E-06   -0.3846482351523728E-09
 0.9743070235745957E+02    0.6114322086690341E-06   -0.2618788430516033E-09
 0.1024260812894775E+03    0.3931916060946034E-06   -0.1712603389183955E-09
 0.1076775787761537E+03    0.2428162970675369E-06   -0.1073983423817165E-09
 0.1131983262965877E+03    0.1437515632655436E-06   -0.6446403907647430E-10
 0.1190021285952095E+03    0.8141337678841257E-07   -0.3700174364214982E-10
 0.1251034982008314E+03    0.4401041370144310E-07   -0.2023426836774456E-10
 0.1315176917155289E+03    0.2265484505410126E-07   -0.1054801014994264E-10
 0.1382607479640929E+03    0.1108257470491676E-07   -0.5196832163772556E-11
 0.1453495280994460E+03    0.5130335747835396E-08   -0.2452297780974555E-11
 0.1528017577643072E+03    0.2253750355971996E-08   -0.1057803916917004E-11
 0.1606360714145318E+03    0.9207570453564025E-09   -0.4212088184693102E-12
 0.1688720589149570E+03    0.3638902558842202E-09   -0.1638747557557230E-12
