 0.0000000000000000E+00    0.0000000000000000E+00    0.0000000000000000E+00
 0.1464888467886403E-08    0.6853914903118077E-13    0.1444440930240879E-07
 0.3004883373589934E-08    0.2883929129225362E-12    0.2962939930145846E-07
 0.4623835506522379E-08    0.6262384791121424E-12    0.4559294041061570E-07
 0.6325793090290573E-08    0.1158175033313132E-11    0.6237494976743368E-07
 0.8115011905364052E-08    0.1895666684130878E-11    0.8001739114780062E-07
 0.9995965930742960E-08    0.1884619632342479E-11    0.9856437978994820E-07
 0.1197335853123594E-07    0.3559665129365931E-11    0.1180622929175075E-06
 0.1405213421832203E-07    0.4100830776857014E-11    0.1385598853628651E-06
 0.1623749101400485E-07    0.5825056565771648E-11    0.1601084118515224E-06
 0.1853489344857512E-07    0.7374746436842021E-11    0.1827617548728572E-06
 0.2095008622478276E-07    0.9437553250899454E-11    0.2065765595942378E-06
 0.2348910858258601E-07    0.1181294289190114E-10    0.2316123754085678E-06
 0.2615830940039708E-07    0.1464975081157650E-10    0.2579318048900577E-06
 0.2896436307058510E-07    0.1790864086396684E-10    0.2856006602946883E-06
 0.3191428618893363E-07    0.2175278366045184E-10    0.3146881281590137E-06
 0.3501545509978486E-07    0.2615043463135157E-10    0.3452669422723845E-06
 0.3827562434074268E-07    0.3124199518294006E-10    0.3774135655701285E-06
 0.4170294603305579E-07    0.3707314525731549E-10    0.4112083813162374E-06
 0.4530599026616714E-07    0.4374445839779907E-10    0.4467358941102498E-06
 0.4909376652740141E-07    0.5135594583861590E-10    0.4840849411865743E-06
 0.5307574623037623E-07    0.6001608803917288E-10    0.5233489145559686E-06
 0.5726188639846966E-07    0.6984813596260693E-10    0.5646259945298905E-06
 0.6166265456256494E-07    0.8099060376240980E-10    0.6080193952220210E-06
 0.6628905493533010E-07    0.9359269948584745E-10    0.6536376226343377E-06
 0.7115265592748138E-07    0.1078246881699630E-09    0.7015947459759563E-06
 0.7626561907483577E-07    0.1238725855512125E-09    0.7520106828924955E-06
 0.8164072944848522E-07    0.1419437721870375E-09    0.8050114993189677E-06
 0.8729142762413383E-07    0.1622684807025173E-09    0.8607297247057088E-06
 0.9323184329053795E-07    0.1851014988124648E-09    0.9193046834062694E-06
 0.9947683058108790E-07    0.2107257082557504E-09    0.9808828430547034E-06
 0.1060420052168787E-06    0.2394546521378018E-09    0.1045618180804144E-05
 0.1129437835541465E-06    0.2716357477011391E-09    0.1113672568341843E-05
 0.1201994236337104E-06    0.3076541944408446E-09    0.1185216176643221E-05
 0.1278270683350633E-06    0.3479367300317281E-09    0.1260427901477040E-05
 0.1358457907430214E-06    0.3929561933649654E-09    0.1339495810725198E-05
 0.1442756418403704E-06    0.4432364233079680E-09    0.1422617614635475E-05
 0.1531377006457672E-06    0.4993576358903488E-09    0.1510001160182763E-05
 0.1624541269222654E-06    0.5619624727360603E-09    0.1601864950774510E-05
 0.1722482165882662E-06    0.6317626114377326E-09    0.1698438692599436E-05
 0.1825444599694479E-06    0.7095461004357528E-09    0.1799963868985194E-05
 0.1933686030373371E-06    0.7961854815450114E-09    0.1906694344200393E-05
 0.2047477117876480E-06    0.8926467461809027E-09    0.2018896998210228E-05
 0.2167102399193693E-06    0.9999992559945798E-09    0.2136852393971945E-05
 0.2292860999838330E-06    0.1119426704936080E-08    0.2260855478937783E-05
 0.2425067381816732E-06    0.1252239236507895E-08    0.2391216322518339E-05
 0.2564052129947074E-06    0.1399886845465756E-08    0.2528260891349012E-05
 0.2710162778493604E-06    0.1563974190165623E-08    0.2672331864296579E-05
 0.2863764680183328E-06    0.1746276969446663E-08    0.2823789489241932E-05
 0.3025241919778125E-06    0.1948760028043937E-08    0.2983012483779276E-05
 0.3194998274486721E-06    0.2173597370885796E-08    0.3150398982081579E-05
 0.3373458223618025E-06    0.2423194289369052E-08    0.3326367530296925E-05
 0.3561068010000500E-06    0.2700211820832693E-08    0.3511358132961504E-05
 0.3758296755821676E-06    0.3007593787115286E-08    0.3705833353041979E-05
 0.3965637635677972E-06    0.3348596684125715E-08    0.3910279468353104E-05
 0.4183609109768069E-06    0.3726822722143114E-08    0.4125207687237414E-05
 0.4412756220313464E-06    0.4146256348807320E-08    0.4351155426540187E-05
 0.4653651954447920E-06    0.4611304621372067E-08    0.4588687655068560E-05
 0.4906898676983756E-06    0.5126841833312138E-08    0.4838398305885617E-05
 0.5173129636637640E-06    0.5698258843164548E-08    0.5100911760961415E-05
 0.5453010549482219E-06    0.6331517600425839E-08    0.5376884411882117E-05
 0.5747241263583063E-06    0.7033211415432564E-08    0.5667006300506804E-05
 0.6056557508983357E-06    0.7810631577669629E-08    0.5972002843659352E-05
 0.6381732737412239E-06    0.8671840990461870E-08    0.6292636646150438E-05
 0.6723580056316995E-06    0.9625755560263874E-08    0.6629709406642745E-05
 0.7082954262055200E-06    0.1068223415634742E-07    0.6984063921101322E-05
 0.7460753977330867E-06    0.1185217804243273E-07    0.7356586188811084E-05
 0.7857923898219268E-06    0.1314764077656709E-07    0.7748207626195666E-05
 0.8275457156399195E-06    0.1458194968024104E-07    0.8159907393936000E-05
 0.8714397802499461E-06    0.1616984009341367E-07    0.8592714843164322E-05
 0.9175843416769288E-06    0.1792760375993428E-07    0.9047712086800129E-05
 0.9660947853600637E-06    0.1987325282906083E-07    0.9526036702399153E-05
 0.1017092412676520E-05    0.2202670111480198E-07    0.1002888457320621E-04
 0.1070704744258067E-05    0.2440996442717951E-07    0.1055751287443666E-04
 0.1127065838859076E-05    0.2704738197993892E-07    0.1111324321216259E-04
 0.1186316628573230E-05    0.2996586108960522E-07    0.1169746492254533E-04
 0.1248605271237174E-05    0.3319514761316983E-07    0.1231163853954050E-04
 0.1314087520902274E-05    0.3676812482838814E-07    0.1295729943960335E-04
 0.1382927117300871E-05    0.4072114374420026E-07    0.1363606167233942E-04
 0.1455296195280908E-05    0.4509438814194189E-07    0.1434962198648622E-04
 0.1531375715232703E-05    0.4993227799385721E-07    0.1509976406106651E-04
 0.1611355915584188E-05    0.5528391528735103E-07    0.1588836295203105E-04
 0.1695436788496068E-05    0.6120357670514928E-07    0.1671738976520527E-04
 0.1783828579946393E-05    0.6775125807717593E-07    0.1758891656687024E-04
 0.1876752315455018E-05    0.7499327603403419E-07    0.1850512154384586E-04
 0.1974440352762524E-05    0.8300293285945194E-07    0.1946829442550137E-04
 0.2077136962845610E-05    0.9186125116542053E-07    0.2048084218069571E-04
 0.2185098940721755E-05    0.1016577857049808E-06    0.2154529500324842E-04
 0.2298596247570535E-05    0.1124915204003751E-06    0.2266431260015869E-04
 0.2417912685777177E-05    0.1244718595057372E-06    0.2384069079742629E-04
 0.2543346608586357E-05    0.1377197227517151E-06    0.2507736847898159E-04
 0.2675211666140708E-05    0.1523687553429973E-06    0.2637743487490207E-04
 0.2813837589769559E-05    0.1685666648083206E-06    0.2774413721577620E-04
 0.2959571016489000E-05    0.1864766979465187E-06    0.2918088877077038E-04
 0.3112776355774981E-05    0.2062792724830141E-06    0.3069127728766133E-04
 0.3273836700776816E-05    0.2281737795612569E-06    0.3227907385380087E-04
 0.3443154786249595E-05    0.2523805748565971E-06    0.3394824219769254E-04
 0.3621153995600854E-05    0.2791431779306394E-06    0.3570294845155889E-04
 0.3808279419569616E-05    0.3087307014583433E-06    0.3754757139596930E-04
 0.4004998969185085E-05    0.3414405341752908E-06    0.3948671320826464E-04
 0.4211804545787937E-05    0.3776013038274413E-06    0.4152521073715235E-04
 0.4429213271039894E-05    0.4175761490804308E-06    0.4366814732643606E-04
 0.4657768779997231E-05    0.4617663322818059E-06    0.4592086521137950E-04
 0.4898042580481593E-05    0.5106152281905250E-06    0.4828897851166199E-04
 0.5150635482147220E-05    0.5646127273183530E-06    0.5077838684524825E-04
 0.5416179098818047E-05    0.6243000963933609E-06    0.5339528958773967E-04
 0.5695337427851240E-05    0.6902753426839873E-06    0.5614620080187491E-04
 0.5988808510476464E-05    0.7631991335415115E-06    0.5903796486176930E-04
 0.6297326177262543E-05    0.8438013275586226E-06    0.6207777279618969E-04
 0.6621661883076117E-05    0.9328881792319193E-06    0.6527317937460842E-04
 0.6962626636120645E-05    0.1031350284986428E-05    0.6863212095891984E-04
 0.7321073025879346E-05    0.1140171344899692E-05    0.7216293414247276E-04
 0.7697897355033002E-05    0.1260437821479083E-05    0.7587437519640820E-04
 0.8094041880683526E-05    0.1393349584423535E-05    0.7977564034111293E-04
 0.8510497170487513E-05    0.1540231638459948E-05    0.8387638685781897E-04
 0.8948304579591345E-05    0.1702547040099306E-05    0.8818675505189298E-04
 0.9408558854561478E-05    0.1881911118513068E-05    0.9271739107504352E-04
 0.9892410870821081E-05    0.2080107125680056E-05    0.9747947060841731E-04
 0.1040107051043806E-04    0.2299103451474917E-05    0.1024847234021630E-03
 0.1093580968746044E-04    0.2541072550418218E-05    0.1077454586593939E-03
 0.1149796552836397E-04    0.2808411738314178E-05    0.1132745912433359E-03
 0.1208894371556481E-04    0.3103766028860930E-05    0.1190856686756218E-03
 0.1271022200235775E-04    0.3430053192379608E-05    0.1251928988809218E-03
 0.1336335390806918E-04    0.3790491230869642E-05    0.1316111786181405E-03
 0.1404997260266460E-04    0.4188628475382075E-05    0.1383561225209278E-03
 0.1477179499052420E-04    0.4628376522851111E-05    0.1454440926499869E-03
 0.1553062600359813E-04    0.5114046239564366E-05    0.1528922284362097E-03
 0.1632836311467648E-04    0.5650387066781750E-05    0.1607184768667275E-03
 0.1716700108205966E-04    0.6242629869860497E-05    0.1689416227351247E-03
 0.1804863693749314E-04    0.6896533574635013E-05    0.1775813187419832E-03
 0.1897547522983911E-04    0.7618435832511891E-05    0.1866581151922435E-03
 0.1994983353759693E-04    0.8415307947240665E-05    0.1961934889912932E-03
 0.2097414826405659E-04    0.9294814279709200E-05    0.2062098715919823E-03
 0.2205098072957594E-04    0.1026537632003212E-04    0.2167306754898327E-03
 0.2318302357621577E-04    0.1133624157575138E-04    0.2277803188036176E-03
 0.2437310750074745E-04    0.1251755736758410E-04    0.2393842474136122E-03
 0.2562420833286936E-04    0.1382044954547818E-04    0.2515689540608674E-03
 0.2693945447633111E-04    0.1525710603245869E-04    0.2643619937390969E-03
 0.2832213473157248E-04    0.1684086496541855E-04    0.2777919946381573E-03
 0.2977570651943756E-04    0.1858630702282776E-04    0.2918886638275490E-03
 0.3130380452652774E-04    0.2050935129989652E-04    0.3066827868040305E-03
 0.3291024979381145E-04    0.2262735380075072E-04    0.3222062199751339E-03
 0.3459905927121687E-04    0.2495920725115793E-04    0.3384918751180132E-03
 0.3637445586209909E-04    0.2752544047822213E-04    0.3555736948513337E-03
 0.3824087898269810E-04    0.3034831503622503E-04    0.3734866182009595E-03
 0.4020299566299177E-04    0.3345191605803458E-04    0.3922665354465454E-03
 0.4226571221670179E-04    0.3686223345306538E-04    0.4119502316298925E-03
 0.4443418650963349E-04    0.4060722852530754E-04    0.4325753184177786E-03
 0.4671384085702703E-04    0.4471687981373330E-04    0.4541801544811484E-03
 0.4911037558216980E-04    0.4922320042330495E-04    0.4768037552278817E-03
 0.5162978327017385E-04    0.5416021727494703E-04    0.5004856936685607E-03
 0.5427836375256006E-04    0.5956390051216226E-04    0.5252659954771755E-03
 0.5706273986011834E-04    0.6547202871715716E-04    0.5511850330194893E-03
 0.5998987398343435E-04    0.7192397257684569E-04    0.5782834253616767E-03
 0.6306708548249245E-04    0.7896037619165669E-04    0.6066019541520461E-03
 0.6630206898888816E-04    0.8662271138985533E-04    0.6361815088998758E-03
 0.6970291364641513E-04    0.9495267637588338E-04    0.6670630796459590E-03
 0.7327812333813805E-04    0.1039914062436722E-03    0.6992878203477570E-03
 0.7703663795052979E-04    0.1137784603019114E-03    0.7328972123392791E-03
 0.8098785572784418E-04    0.1243505518512205E-03    0.7679333634608715E-03
 0.8514165677262189E-04    0.1357399942612832E-03    0.8044394836237841E-03
 0.8950842775109324E-04    0.1479728613769686E-03    0.8424605789166424E-03
 0.9409908786525382E-04    0.1610669165657366E-03    0.8820443982709283E-03
 0.9892511615655710E-04    0.1750294811384838E-03    0.9232426387368478E-03
 0.1039985802094972E-03    0.1898556285043992E-03    0.9661123508513111E-03
 0.1093321663268559E-03    0.2055274271168141E-03    0.1010717366386953E-02
 0.1149392112520675E-03    0.2220153135261363E-03    0.1057129404534878E-02
 0.1208337355180243E-03    0.2392826469055314E-03    0.1105428394796209E-02
 0.1270304785057119E-03    0.2572934031923143E-03    0.1155701700767974E-02
 0.1335449353003386E-03    0.2760208459684024E-03    0.1208042461794854E-02
 0.1403933954371200E-03    0.2954537588978542E-03    0.1262547819572683E-02
 0.1475929836336018E-03    0.3155983001356659E-03    0.1319317755735614E-02
 0.1551617026103730E-03    0.3364762446300123E-03    0.1378454723337768E-02
 0.1631184781072453E-03    0.3581216683578314E-03    0.1440063829449219E-02
 0.1714832062074601E-03    0.3805777538546723E-03    0.1504253240312600E-02
 0.1802768030882603E-03    0.4038944102722445E-03    0.1571134603783380E-02
 0.1895212573222279E-03    0.4281267473120901E-03    0.1640823416939753E-02
 0.1992396848601690E-03    0.4533342346137131E-03    0.1713439323207989E-02
 0.2094563868330313E-03    0.4795803296703378E-03    0.1789106351593794E-02
 0.2201969103173893E-03    0.5069324031217975E-03    0.1867953116700878E-02
 0.2314881122164428E-03    0.5354618486080399E-03    0.1950112992258782E-02
 0.2433582264162638E-03    0.5652443021523634E-03    0.2035724269501848E-02
 0.2558369343852183E-03    0.5963599309608619E-03    0.2124930306619113E-02
 0.2689554393930972E-03    0.6288937704363689E-03    0.2217879672215741E-02
 0.2827465445355445E-03    0.6629360987996620E-03    0.2314726284819845E-02
 0.2972447347588821E-03    0.6985828465554575E-03    0.2415629548390065E-02
 0.3124862630904384E-03    0.7359360405258875E-03    0.2520754483442628E-02
 0.3285092412899997E-03    0.7751042840965513E-03    0.2630271853110565E-02
 0.3453537351490618E-03    0.8162032764150456E-03    0.2744358282879105E-02
 0.3630618646761771E-03    0.8593563734901831E-03    0.2863196372807298E-02
 0.3816779094189163E-03    0.9046951946954428E-03    0.2986974800768248E-02
 0.4012484191858008E-03    0.9523602784349913E-03    0.3115888415035823E-02
 0.4218223304450712E-03    0.1002501790993682E-02    0.3250138314456020E-02
 0.4434510886913474E-03    0.1055280292965341E-02    0.3389931914168288E-02
 0.4661887770861622E-03    0.1110867567939864E-02    0.3535482994662432E-02
 0.4900922516940355E-03    0.1169447518486701E-02    0.3687011731734994E-02
 0.5152212836522509E-03    0.1231217134844772E-02    0.3844744704634529E-02
 0.5416387086298322E-03    0.1296387542097616E-02    0.4008914879435962E-02
 0.5694105839494456E-03    0.1365185132022791E-02    0.4179761564383440E-02
 0.5986063537651136E-03    0.1437852786218262E-02    0.4357530333621682E-02
 0.6292990227087730E-03    0.1514651197540078E-02    0.4542472915402226E-02
 0.6615653384398801E-03    0.1595860297334129E-02    0.4734847040476811E-02
 0.6954859835545361E-03    0.1681780796399495E-02    0.4934916245997304E-02
 0.7311457773340025E-03    0.1772735848085419E-02    0.5142949629817734E-02
 0.7686338878370852E-03    0.1869072842390769E-02    0.5359221549637166E-02
 0.8080440548667263E-03    0.1971165340398124E-02    0.5584011260937852E-02
 0.8494748243683396E-03    0.2079415158829305E-02    0.5817602487153921E-02
 0.8930297948460028E-03    0.2194254614945073E-02    0.6060282914954171E-02
 0.9388178764126811E-03    0.2316148942419956E-02    0.6312343606938406E-02
 0.9869535631222379E-03    0.2445598889191040E-02    0.6574078323427274E-02
 0.1037557219264207E-02    0.2583143508592482E-02    0.6845782744374067E-02
 0.1090755380337209E-02    0.2729363155328606E-02    0.7127753581742224E-02
 0.1146681069453613E-02    0.2884882697986956E-02    0.7420287571976331E-02
 0.1205474129966599E-02    0.3050374959824985E-02    0.7723680337449458E-02
 0.1267281575151388E-02    0.3226564399451845E-02    0.8038225104998714E-02
 0.1332257955815003E-02    0.3414231042737719E-02    0.8364211268867284E-02
 0.1400565746753787E-02    0.3614214676779118E-02    0.8701922784561455E-02
 0.1472375753025026E-02    0.3827419315985991E-02    0.9051636379310597E-02
 0.1547867537048561E-02    0.4054817949284735E-02    0.9413619563995616E-02
 0.1627229867606365E-02    0.4297457575992596E-02    0.9788128430597561E-02
 0.1710661191862824E-02    0.4556464536046891E-02    0.1017540521842454E-01
 0.1798370131586015E-02    0.4833050137892187E-02    0.1057567563161736E-01
 0.1890576004810793E-02    0.5128516584353369E-02    0.1098914588972993E-01
 0.1987509374248114E-02    0.5444263193156645E-02    0.1141599949255071E-01
 0.2089412623811908E-02    0.5781792904293639E-02    0.1185639367980090E-01
 0.2196540564705118E-02    0.6142719061033960E-02    0.1231045556594208E-01
 0.2309161072580428E-02    0.6528772444942078E-02    0.1277827793008718E-01
 0.2427555757368930E-02    0.6941808537591338E-02    0.1325991464096571E-01
 0.2552020667451633E-02    0.7383814972624424E-02    0.1375537569710225E-01
 0.2682867029934619E-02    0.7856919131198722E-02    0.1426462186286600E-01
 0.2820422028878922E-02    0.8363395821472450E-02    0.1478755888190427E-01
 0.2965029623431102E-02    0.8905674968413557E-02    0.1532403125074672E-01
 0.3117051407900273E-02    0.9486349223607327E-02    0.1587381553713176E-01
 0.3276867515932217E-02    0.1010818138564452E-01    0.1643661322994744E-01
 0.3444877571041508E-02    0.1077411149981816E-01    0.1701204311068367E-01
 0.3621501685878449E-02    0.1148726348095835E-01    0.1759963314006491E-01
 0.3807181512729525E-02    0.1225095107499437E-01    0.1819881185818007E-01
 0.4002381347878166E-02    0.1306868294295429E-01    0.1880889930207310E-01
 0.4207589292587296E-02    0.1394416661529170E-01    0.1942909745153065E-01
 0.4423318473606734E-02    0.1488131102438172E-01    0.2005848022184548E-01
 0.4650108326257341E-02    0.1588422727848295E-01    0.2069598303179230E-01
 0.4888525943300301E-02    0.1695722729118785E-01    0.2134039198608356E-01
 0.5139167492964413E-02    0.1810481982619857E-01    0.2199033272433927E-01
 0.5402659709677190E-02    0.1933170345806242E-01    0.2264425900326757E-01
 0.5679661461227380E-02    0.2064275588527265E-01    0.2330044109548766E-01
 0.5970865396277627E-02    0.2204301896301167E-01    0.2395695410737490E-01
 0.6276999676346912E-02    0.2353767874907507E-01    0.2461166633964435E-01
 0.6598829796593634E-02    0.2513203977867393E-01    0.2526222783822484E-01
 0.6937160499952235E-02    0.2683149270263949E-01    0.2590605930943545E-01
 0.7292837789409701E-02    0.2864147434013980E-01    0.2654034160262374E-01
 0.7666751043453704E-02    0.3056741911285573E-01    0.2716200599529173E-01
 0.8059835239982070E-02    0.3261470074460340E-01    0.2776772555028239E-01
 0.8473073294234534E-02    0.3478856303115188E-01    0.2835390785170814E-01
 0.8907498516592817E-02    0.3709403841262842E-01    0.2891668946577128E-01
 0.9364197196394806E-02    0.3953585301935071E-01    0.2945193251410078E-01
 0.9844311318223727E-02    0.4211831681595422E-01    0.2995522379025211E-01
 0.1034904141746443E-01    0.4484519744405253E-01    0.3042187689391370E-01
 0.1087964958226718E-01    0.4771957636721279E-01    0.3084693790128603E-01
 0.1143746260942544E-01    0.5074368596179631E-01    0.3122519513295050E-01
 0.1202387532205893E-01    0.5391872628251095E-01    0.3155119362094854E-01
 0.1264035405739798E-01    0.5724466037303972E-01    0.3181925491308466E-01
 0.1328844033339037E-01    0.6071998720192354E-01    0.3202350288261230E-01
 0.1396975470329914E-01    0.6434149159544608E-01    0.3215789623310215E-01
 0.1468600080792988E-01    0.6810397092739609E-01    0.3221626839859031E-01
 0.1543896963562008E-01    0.7199993882616275E-01    0.3219237553493005E-01
 0.1623054400064294E-01    0.7601930678953447E-01    0.3207995327590135E-01
 0.1706270325122367E-01    0.8014904537402483E-01    0.3187278288317388E-01
 0.1793752821894113E-01    0.8437282756583012E-01    0.3156476734812027E-01
 0.1885720642189058E-01    0.8867065806081899E-01    0.3115001790121948E-01
 0.1982403753461838E-01    0.9301849349578727E-01    0.3062295124632405E-01
 0.2084043913850618E-01    0.9738786019370262E-01    0.2997839765762281E-01
 0.2190895276698367E-01    0.1017454777183729E+00    0.2921171985183447E-01
 0.2303225026068591E-01    0.1060528984787185E+00    0.2831894227279286E-01
 0.2421314044844671E-01    0.1102661757705922E+00    0.2729689009649124E-01
 0.2545457617083370E-01    0.1143355749745760E+00    0.2614333687947914E-01
 0.2675966166378783E-01    0.1182053451068051E+00    0.2485715933139607E-01
 0.2813166032083016E-01    0.1218135704949369E+00    0.2343849719469404E-01
 0.2957400285324549E-01    0.1250921249508237E+00    0.2188891566516439E-01
 0.3109029586864752E-01    0.1279667533396298E+00    0.2021156719288556E-01
 0.3268433088937651E-01    0.1303573077800869E+00    0.1841134887552160E-01
 0.3436009383328007E-01    0.1321781677011293E+00    0.1649505100962923E-01
 0.3612177498058387E-01    0.1333388744445178E+00    0.1447149172047737E-01
 0.3797377945177492E-01    0.1337450118276074E+00    0.1235163197146536E-01
 0.3992073822269722E-01    0.1332993638208305E+00    0.1014866469000974E-01
 0.4196751970440363E-01    0.1319033789778366E+00    0.7878071272132288E-02
 0.4411924191671926E-01    0.1294589681865693E+00    0.5557638381557204E-02
 0.4638128528595697E-01    0.1258706573752549E+00    0.3207427783437001E-02
 0.4875930609878561E-01    0.1210481096930904E+00    0.8496919931117624E-03
 0.5125925064589297E-01    0.1149090220878079E+00   -0.1491271176432212E-02
 0.5388737009080979E-01    0.1073823888502571E+00   -0.3789331471336842E-02
 0.5665023610107465E-01    0.9841210937684292E-01   -0.6016811791578021E-02
 0.5955475728082583E-01    0.8796089899148436E-01   -0.8144850490178582E-02
 0.6260819644591026E-01    0.7601444017489864E-01   -0.1014384254265916E-01
 0.6581818878470604E-01    0.6258568714723252E-01   -0.1198395949159980E-01
 0.6919276095007051E-01    0.4771920983694952E-01   -0.1363574533778763E-01
 0.7274035113015324E-01    0.3149543451176583E-01   -0.1507078235020004E-01
 0.7646983014826163E-01    0.1403460873400148E-01   -0.1626241713460753E-01
 0.8039052364453982E-01   -0.4499710815939761E-02   -0.1718653330149520E-01
 0.8451223539492653E-01   -0.2389787598609002E-01   -0.1782235281744548E-01
 0.8884527182570151E-01   -0.4390232111555484E-01   -0.1815324377061220E-01
 0.9340046778491957E-01   -0.6420695979569303E-01   -0.1816750804844420E-01
 0.9818921363517440E-01   -0.8445807689782339E-01   -0.1785911859258317E-01
 0.1032234837354379E+00   -0.1042569817504279E+00   -0.1722837279491882E-01
 0.1085158663831950E+00   -0.1231646663320517E+00   -0.1628242660378734E-01
 0.1140795952917440E+00   -0.1407086723571761E+00   -0.1503567340767150E-01
 0.1199285826813733E+00   -0.1563923112557198E+00   -0.1350993311826928E-01
 0.1260774540671584E+00   -0.1697063003161619E+00   -0.1173442037540812E-01
 0.1325415848303679E+00   -0.1801427769649999E+00   -0.9745466607535369E-02
 0.1393371386649252E+00   -0.1872115330720708E+00   -0.7585978795338894E-02
 0.1464811079950624E+00   -0.1904581757130415E+00   -0.5304627988703796E-02
 0.1539913564652325E+00   -0.1894837750248499E+00   -0.2954772493026401E-02
 0.1618866636085246E+00   -0.1839654101816469E+00   -0.5931335574450255E-03
 0.1701867718052788E+00   -0.1736768788454591E+00    0.1721745375259592E-02
 0.1789124356493201E+00   -0.1585087023520380E+00    0.3931212043736187E-02
 0.1880854738452541E+00   -0.1384864475911948E+00    0.5978336011315647E-02
 0.1977288237665927E+00   -0.1137863065478736E+00    0.7809791498984512E-02
 0.2078665988111361E+00   -0.8474683541883525E-01    0.9377719876754849E-02
 0.2185241486970266E+00   -0.5187576671469890E-01    0.1064149439331526E-01
 0.2297281228502490E+00   -0.1585087914279148E-01    0.1156930760964455E-01
 0.2415065370420756E+00    0.2248595008091960E-01    0.1213950288970372E-01
 0.2538888434430882E+00    0.6214217069686290E-01    0.1234157553282320E-01
 0.2669060042689446E+00    0.1019958289338954E+00    0.1217677721228080E-01
 0.2805905692020456E+00    0.1408246767484441E+00    0.1165826992669076E-01
 0.2949767567826956E+00    0.1773426790169940E+00    0.1081079322239242E-01
 0.3101005399732767E+00    0.2102429928503137E+00    0.9669831200111207E-02
 0.3259997361093921E+00    0.2382459935532494E+00    0.8280293285670837E-02
 0.3427141014629037E+00    0.2601504477457144E+00    0.6694753470754778E-02
 0.3602854306533192E+00    0.2748855335977924E+00    0.4971324213569306E-02
 0.3787576611561113E+00    0.2815611294771703E+00    0.3171270067206029E-02
 0.3981769831692922E+00    0.2795136770698503E+00    0.1356488642110541E-02
 0.4185919551129680E+00    0.2683450000506331E+00   -0.4130006798935185E-03
 0.4400536250506819E+00    0.2479517308954315E+00   -0.2081419060023495E-02
 0.4626156583361626E+00    0.2185434496961203E+00   -0.3599312118455458E-02
 0.4863344718046623E+00    0.1806482321156661E+00   -0.4925249087886248E-02
 0.5112693748444305E+00    0.1351049862352837E+00   -0.6027062169184458E-02
 0.5374827177010773E+00    0.8304267106451858E-01   -0.6882586589333311E-02
 0.5650400473856650E+00    0.2584717676285446E-01   -0.7479897329513690E-02
 0.5940102715763773E+00   -0.3488273794400975E-01   -0.7817070200449814E-02
 0.6244658309236064E+00   -0.9738854415771354E-01   -0.7901520351490872E-02
 0.6564828801893130E+00   -0.1598117801374513E+00   -0.7748989228511701E-02
 0.6901414786735977E+00   -0.2202580683969067E+00   -0.7382261495823851E-02
 0.7255257904046520E+00   -0.2768626169817549E+00   -0.6829697430803698E-02
 0.7627242945926684E+00   -0.3278544935332916E+00   -0.6123665129147783E-02
 0.8018300068739527E+00   -0.3716170594858713E+00   -0.5298951885976877E-02
 0.8429407118984635E+00   -0.4067421590811696E+00   -0.4391226463493973E-02
 0.8861592078423725E+00   -0.4320759670343715E+00   -0.3435614399480051E-02
 0.9315935634570484E+00   -0.4467547999652247E+00   -0.2465437535953906E-02
 0.9793573882972270E+00   -0.4502296752038621E+00   -0.1511156871384651E-02
 0.1029570116804074E+01   -0.4422789346220358E+00   -0.5995449675530449E-03
 0.1082357306953498E+01   -0.4230088122055516E+00    0.2468991138909934E-03
 0.1137850954216494E+01   -0.3928423785096771E+00    0.1010292437766540E-02
 0.1196189821616567E+01   -0.3524978073715426E+00    0.1677480650243117E-02
 0.1257519786709578E+01   -0.3029573470507679E+00    0.2239943057050095E-02
 0.1321994206353610E+01   -0.2454287126216819E+00    0.2693521335743010E-02
 0.1389774300181000E+01   -0.1813008321489193E+00    0.3038008325921984E-02
 0.1461029553731390E+01   -0.1120959708586920E+00    0.3276635804346647E-02
 0.1535938142253860E+01   -0.3942023177164677E-01    0.3415499766604504E-02
 0.1614687376237858E+01    0.3508569541406154E-01    0.3462958902880035E-02
 0.1697474169786987E+01    0.1097938696732191E+00    0.3429037272534960E-02
 0.1784505533006835E+01    0.1831331060989353E+00    0.3324856349717390E-02
 0.1875999089638066E+01    0.2536285237553616E+00    0.3162115325090585E-02
 0.1972183621229121E+01    0.3199357851783164E+00    0.2952632412347039E-02
 0.2073299639209264E+01    0.3808694469762328E+00    0.2707954381278758E-02
 0.2179599986292427E+01    0.4354250835072107E+00    0.2439036909472723E-02
 0.2291350468715695E+01    0.4827950574255102E+00    0.2155994733305965E-02
 0.2408830520893354E+01    0.5223779918196975E+00    0.1867917967146521E-02
 0.2532333904148474E+01    0.5537821517119506E+00    0.1582749229213148E-02
 0.2662169441269232E+01    0.5768230722581908E+00    0.1307215190126724E-02
 0.2798661788726742E+01    0.5915158812952996E+00    0.1046805659037996E-02
 0.2942152248485335E+01    0.5980628578405773E+00    0.8057931745719874E-03
 0.3092999621435251E+01    0.5968368469027101E+00    0.5872861449361303E-03
 0.3251581104581752E+01    0.5883612140388477E+00    0.3933088004252513E-03
 0.3418293234234111E+01    0.5732870690411030E+00    0.2249015402720143E-03
 0.3593552877552928E+01    0.5523685154174564E+00    0.8223566082146022E-04
 0.3777798274935171E+01    0.5264366901455575E+00   -0.3526305736714029E-04
 0.3971490135843438E+01    0.4963733469999402E+00   -0.1287868517401636E-03
 0.4175112790819585E+01    0.4630847084335724E+00   -0.2000188725105939E-03
 0.4389175402563355E+01    0.4274762684055881E+00   -0.2510100833242903E-03
 0.4614213239104344E+01    0.3904291748997835E+00   -0.2840630828626450E-03
 0.4850789012250877E+01    0.3527787589232595E+00   -0.3016250951706902E-03
 0.5099494284662639E+01    0.3152957078999197E+00   -0.3061917744038071E-03
 0.5360950949065451E+01    0.2786703073689994E+00   -0.3002229578199688E-03
 0.5635812783307012E+01    0.2435000886146128E+00   -0.2860710759167423E-03
 0.5924767085142062E+01    0.2102811303768209E+00   -0.2659225987531648E-03
 0.6228536390834766E+01    0.1794031540552635E+00   -0.2417526185170705E-03
 0.6547880281875716E+01    0.1511484333152560E+00   -0.2152924280827128E-03
 0.6883597284331323E+01    0.1256944063750559E+00   -0.1880097170772837E-03
 0.7236526865574901E+01    0.1031197376381828E+00   -0.1611007519343560E-03
 0.7607551533392368E+01    0.8341343142683956E-01   -0.1354936251883274E-03
 0.7997599042711387E+01    0.6648646414792617E-01   -0.1118613572880161E-03
 0.8407644715471930E+01    0.5218528408896102E-01   -0.9064333097157615E-04
 0.8838713879439149E+01    0.4030644260555211E-01   -0.7207326411834034E-04
 0.9291884432056865E+01    0.3061157792644757E-01   -0.5621171784918922E-04
 0.9768289535752617E+01    0.2284198124348948E-01   -0.4298102718043861E-04
 0.1026912045143399E+02    0.1673203742404738E-01   -0.3220055838938526E-04
 0.1079562951726135E+02    0.1202094686676005E-01   -0.2362035316337709E-04
 0.1134913328014559E+02    0.8462291731062110E-02   -0.1695150970423674E-04
 0.1193101578780117E+02    0.5831194449380737E-02   -0.1189205200238562E-04
 0.1254273204958628E+02    0.3929010636491250E-02   -0.8147511367871083E-05
 0.1318581167478415E+02    0.2585682379077913E-02   -0.5445939506840693E-05
 0.1386186269742300E+02    0.1660032973520231E-02   -0.3547537571439830E-05
 0.1457257559719868E+02    0.1038396165374851E-02   -0.2249473595809505E-05
 0.1531972752655444E+02    0.6320337087383883E-03   -0.1386736990743420E-05
 0.1610518675448773E+02    0.3738036828837593E-03   -0.8300261697247800E-06
 0.1693091733819582E+02    0.2145044852499297E-03   -0.4816857805535436E-06
 0.1779898403424185E+02    0.1192472362614155E-03   -0.2706223664268773E-06
 0.1871155746152166E+02    0.6411708721423225E-04   -0.1469627034013015E-06
 0.1967091952894174E+02    0.3328664462543391E-04   -0.7701418476023741E-07
 0.2067946914138002E+02    0.1665540447166993E-04   -0.3887676449094737E-07
 0.2173972819819762E+02    0.8016894431572021E-05   -0.1886939969337290E-07
 0.2285434789930087E+02    0.3704726946027512E-05   -0.8788655007006568E-08
 0.2402611537452199E+02    0.1640181876664508E-05   -0.3919974434781720E-08
 0.2525796065289547E+02    0.6941466709676521E-06   -0.1670665443381208E-08
 0.2655296398925679E+02    0.2801658927050662E-06   -0.6788016156831260E-09
 0.2791436356648396E+02    0.1075792676610078E-06   -0.2623021248465045E-09
 0.2934556359264142E+02    0.3919486915785106E-07   -0.9613636816022196E-10
 0.3085014281327337E+02    0.1353180020454890E-07   -0.3337044136250230E-10
 0.3243186346013171E+02    0.4401951140806306E-08   -0.1091332252156066E-10
