 0.0000000000000000E+00    0.0000000000000000E+00    0.0000000000000000E+00
 0.1464888467886403E-08    0.3294214498220759E-12    0.6945223233371434E-07
 0.3004883373589934E-08    0.1386110176793510E-11    0.1424653567418719E-06
 0.4623835506522379E-08    0.2399698093105730E-11    0.2192219440047411E-06
 0.6325793090290573E-08    0.4274409272485979E-11    0.2999139256184376E-06
 0.8115011905364052E-08    0.6873359890366745E-11    0.3847430735283395E-06
 0.9995965930742960E-08    0.1033587267451231E-10    0.4739215048049654E-06
 0.1197335853123594E-07    0.1476331010389158E-10    0.5676722119290187E-06
 0.1405213421832203E-07    0.2028662853433272E-10    0.6662296204917911E-06
 0.1623749101400485E-07    0.2705045392965238E-10    0.7698401753091202E-06
 0.1853489344857512E-07    0.3521774728710479E-10    0.8787629566988061E-06
 0.2095008622478276E-07    0.4497059029409339E-10    0.9932703282992386E-06
 0.2348910858258601E-07    0.5651232514846340E-10    0.1113648618123489E-05
 0.2615830940039708E-07    0.7006972899382540E-10    0.1240198834525783E-05
 0.2896436307058510E-07    0.8589554095681844E-10    0.1373237418876711E-05
 0.3191428618893363E-07    0.1042712538834022E-09    0.1513097036829031E-05
 0.3501545509978486E-07    0.1255102279718017E-09    0.1660127410151796E-05
 0.3827562434074268E-07    0.1499611404786543E-09    0.1814696191213284E-05
 0.4170294603305579E-07    0.1780118101701554E-09    0.1977189882299063E-05
 0.4530599026616714E-07    0.2100934324479072E-09    0.2148014802063930E-05
 0.4909376652740141E-07    0.2466852684135989E-09    0.2327598101534223E-05
 0.5307574623037623E-07    0.2883198350589302E-09    0.2516388832200886E-05
 0.5726188639846966E-07    0.3355886493361685E-09    0.2714859068873918E-05
 0.6166265456256494E-07    0.3891485844108366E-09    0.2923505090105716E-05
 0.6628905493533010E-07    0.4497289027137768E-09    0.3142848619134757E-05
 0.7115265592748138E-07    0.5181390372354537E-09    0.3373438128452359E-05
 0.7626561907483577E-07    0.5952772001020276E-09    0.3615850211254300E-05
 0.8164072944848522E-07    0.6821399058174630E-09    0.3870691023206271E-05
 0.8729142762413383E-07    0.7798325057929745E-09    0.4138597798127884E-05
 0.9323184329053795E-07    0.8895808409790069E-09    0.4420240441384789E-05
 0.9947683058108790E-07    0.1012744130683296E-08    0.4716323204972550E-05
 0.1060420052168787E-06    0.1150829228109476E-08    0.5027586448480282E-05
 0.1129437835541465E-06    0.1305506386910473E-08    0.5354808490336497E-05
 0.1201994236337104E-06    0.1478626698259087E-08    0.5698807553965403E-05
 0.1278270683350633E-06    0.1672241374744965E-08    0.6060443813718952E-05
 0.1358457907430214E-06    0.1888623075983842E-08    0.6440621545699290E-05
 0.1442756418403704E-06    0.2130289491355033E-08    0.6840291388848433E-05
 0.1531377006457672E-06    0.2400029417974877E-08    0.7260452721957251E-05
 0.1624541269222654E-06    0.2700931597092297E-08    0.7702156162535635E-05
 0.1722482165882662E-06    0.3036416599811153E-08    0.8166506193790202E-05
 0.1825444599694479E-06    0.3410272083678146E-08    0.8654663926275432E-05
 0.1933686030373371E-06    0.3826691775533627E-08    0.9167850001120984E-05
 0.2047477117876480E-06    0.4290318573442723E-08    0.9707347642091086E-05
 0.2167102399193693E-06    0.4806292201882351E-08    0.1027450586410356E-04
 0.2292860999838330E-06    0.5380301900068117E-08    0.1087074284622678E-04
 0.2425067381816732E-06    0.6018644673823218E-08    0.1149754947758301E-04
 0.2564052129947074E-06    0.6728289697223167E-08    0.1215649308501828E-04
 0.2710162778493604E-06    0.7516949511955734E-08    0.1284922135185244E-04
 0.2863764680183328E-06    0.8393158740531377E-08    0.1357746643749927E-04
 0.3025241919778125E-06    0.9366361104848496E-08    0.1434304930824772E-04
 0.3194998274486721E-06    0.1044700562491410E-07    0.1514788429002158E-04
 0.3373458223618025E-06    0.1164665296457700E-07    0.1599398385448793E-04
 0.3561068010000500E-06    0.1297809299286826E-07    0.1688346365046585E-04
 0.3758296755821676E-06    0.1445547474197988E-07    0.1781854779319825E-04
 0.3965637635677972E-06    0.1609445006717147E-07    0.1880157442469032E-04
 0.4183609109768069E-06    0.1791233245121869E-07    0.1983500155899370E-04
 0.4412756220313464E-06    0.1992827254777846E-07    0.2092141322702238E-04
 0.4653651954447920E-06    0.2216345222576094E-07    0.2206352593623229E-04
 0.4906898676983756E-06    0.2464129906214418E-07    0.2326419546127640E-04
 0.5173129636637640E-06    0.2738772343549131E-07    0.2452642398256992E-04
 0.5453010549482219E-06    0.3043138059878401E-07    0.2585336759056162E-04
 0.5747241263583063E-06    0.3380396036032056E-07    0.2724834417441346E-04
 0.6056557508983357E-06    0.3754050727784864E-07    0.2871484171474211E-04
 0.6381732737412239E-06    0.4167977457655718E-07    0.3025652700107278E-04
 0.6723580056316995E-06    0.4626461533909742E-07    0.3187725479570737E-04
 0.7082954262055200E-06    0.5134241488879170E-07    0.3358107746680592E-04
 0.7460753977330867E-06    0.5696556869934663E-07    0.3537225511463685E-04
 0.7857923898219268E-06    0.6319201061980983E-07    0.3725526621616321E-04
 0.8275457156399195E-06    0.7008579670673583E-07    0.3923481881440262E-04
 0.8714397802499461E-06    0.7771775051155343E-07    0.4131586228033236E-04
 0.9175843416769288E-06    0.8616617628548742E-07    0.4350359967650871E-04
 0.9660947853600637E-06    0.9551764724317471E-07    0.4580350075303481E-04
 0.1017092412676520E-05    0.1058678767760682E-06    0.4822131560804799E-04
 0.1070704744258067E-05    0.1173226813352691E-06    0.5076308904650487E-04
 0.1127065838859076E-05    0.1299990446187818E-06    0.5343517567272833E-04
 0.1186316628573230E-05    0.1440262937093760E-06    0.5624425575394347E-04
 0.1248605271237174E-05    0.1595473989262877E-06    0.5919735189387360E-04
 0.1314087520902274E-05    0.1767204103878819E-06    0.6230184655740013E-04
 0.1382927117300871E-05    0.1957200456452738E-06    0.6556550048929892E-04
 0.1455296195280908E-05    0.2167394442522212E-06    0.6899647207218112E-04
 0.1531375715232703E-05    0.2399921067990310E-06    0.7260333767095563E-04
 0.1611355915584188E-05    0.2657140377741063E-06    0.7639511301342517E-04
 0.1695436788496068E-05    0.2941661136440215E-06    0.8038127565901519E-04
 0.1783828579946393E-05    0.3256366997812956E-06    0.8457178861011750E-04
 0.1876752315455018E-05    0.3604445423403326E-06    0.8897712512311318E-04
 0.1974440352762524E-05    0.3989419639096284E-06    0.9360829477881914E-04
 0.2077136962845610E-05    0.4415183947798372E-06    0.9847687087488150E-04
 0.2185098940721755E-05    0.4886042749892792E-06    0.1035950192055116E-03
 0.2298596247570535E-05    0.5406753659764627E-06    0.1089755282969317E-03
 0.2417912685777177E-05    0.5982575147126110E-06    0.1146318411699517E-03
 0.2543346608586357E-05    0.6619319176512833E-06    0.1205780887042458E-03
 0.2675211666140708E-05    0.7323409367509293E-06    0.1268291246821165E-03
 0.2813837589769559E-05    0.8101945252535554E-06    0.1334005625928215E-03
 0.2959571016489000E-05    0.8962773268816794E-06    0.1403088142818876E-03
 0.3112776355774981E-05    0.9914565187069864E-06    0.1475711305332180E-03
 0.3273836700776816E-05    0.1096690475203433E-05    0.1552056436752106E-03
 0.3443154786249595E-05    0.1213038338992758E-05    0.1632314123055102E-03
 0.3621153995600854E-05    0.1341670592591055E-05    0.1716684682323980E-03
 0.3808279419569616E-05    0.1483880735148839E-05    0.1805378657341364E-03
 0.4004998969185085E-05    0.1641098178827251E-05    0.1898617332407978E-03
 0.4211804545787937E-05    0.1814902491159640E-05    0.1996633275461707E-03
 0.4429213271039894E-05    0.2007039122608056E-05    0.2099670906601789E-03
 0.4657768779997231E-05    0.2219436772642090E-05    0.2207987094148271E-03
 0.4898042580481593E-05    0.2454226563154602E-05    0.2321851779388917E-03
 0.5150635482147220E-05    0.2713763205003275E-05    0.2441548631183273E-03
 0.5416179098818047E-05    0.3000648362054355E-05    0.2567375731605597E-03
 0.5695337427851240E-05    0.3317756437436370E-05    0.2699646293812914E-03
 0.5988808510476464E-05    0.3668263028924587E-05    0.2838689413321103E-03
 0.6297326177262543E-05    0.4055676324612436E-05    0.2984850853857621E-03
 0.6621661883076117E-05    0.4483871736427621E-05    0.3138493868933102E-03
 0.6962626636120645E-05    0.4957130097762122E-05    0.3300000060232707E-03
 0.7321073025879346E-05    0.5480179782646446E-05    0.3469770273869079E-03
 0.7697897355033002E-05    0.6058243137642074E-05    0.3648225535458772E-03
 0.8094041880683526E-05    0.6697087654070897E-05    0.3835808024879462E-03
 0.8510497170487513E-05    0.7403082347444486E-05    0.4032982091431577E-03
 0.8948304579591345E-05    0.8183259853067272E-05    0.4240235309960461E-03
 0.9408558854561478E-05    0.9045384791791262E-05    0.4458079578288031E-03
 0.9892410870821081E-05    0.9998029007764488E-05    0.4687052256049784E-03
 0.1040107051043806E-04    0.1105065433063174E-04    0.4927717344726392E-03
 0.1093580968746044E-04    0.1221370356780723E-04    0.5180666708291081E-03
 0.1149796552836397E-04    0.1349870048780542E-04    0.5446521333454739E-03
 0.1208894371556481E-04    0.1491835961268569E-04    0.5725932627970244E-03
 0.1271022200235775E-04    0.1648670669572231E-04    0.6019583754843712E-03
 0.1336335390806918E-04    0.1821921081847268E-04    0.6328190999580948E-03
 0.1404997260266460E-04    0.2013292909816331E-04    0.6652505166757479E-03
 0.1477179499052420E-04    0.2224666505001396E-04    0.6993313001225649E-03
 0.1553062600359813E-04    0.2458114169750847E-04    0.7351438628145236E-03
 0.1632836311467648E-04    0.2715919056380404E-04    0.7727745004728296E-03
 0.1716700108205966E-04    0.3000595770573298E-04    0.8123135375106203E-03
 0.1804863693749314E-04    0.3314912796352821E-04    0.8538554718039918E-03
 0.1897547522983911E-04    0.3661916858858704E-04    0.8974991175286319E-03
 0.1994983353759693E-04    0.4044959337095055E-04    0.9433477446289471E-03
 0.2097414826405659E-04    0.4467724830853928E-04    0.9915092132475188E-03
 0.2205098072957594E-04    0.4934261973026116E-04    0.1042096101178450E-02
 0.2318302357621577E-04    0.5449016559090604E-04    0.1095225822119123E-02
 0.2437310750074745E-04    0.6016867038015582E-04    0.1151020732182793E-02
 0.2562420833286936E-04    0.6643162371008603E-04    0.1209608221802603E-02
 0.2693945447633111E-04    0.7333762213968603E-04    0.1271120789812354E-02
 0.2832213473157248E-04    0.8095079313014815E-04    0.1335696096139753E-02
 0.2977570651943756E-04    0.8934123916345164E-04    0.1403476989208219E-02
 0.3130380452652774E-04    0.9858549895384850E-04    0.1474611503833339E-02
 0.3291024979381145E-04    0.1087670212829350E-03    0.1549252825147883E-02
 0.3459905927121687E-04    0.1199766452291162E-03    0.1627559213932844E-02
 0.3637445586209909E-04    0.1323130783641423E-03    0.1709693888722678E-02
 0.3824087898269810E-04    0.1458833617614628E-03    0.1795824860258755E-02
 0.4020299566299177E-04    0.1608033072956191E-03    0.1886124714375143E-02
 0.4226571221670179E-04    0.1771978885827663E-03    0.1980770340330970E-02
 0.4443418650963349E-04    0.1952015618736122E-03    0.2079942603101787E-02
 0.4671384085702703E-04    0.2149584870943271E-03    0.2183825960396754E-02
 0.4911037558216980E-04    0.2366226118498758E-03    0.2292608028414677E-02
 0.5162978327017385E-04    0.2603575723510102E-03    0.2406479104881285E-02
 0.5427836375256006E-04    0.2863363546837390E-03    0.2525631664077415E-02
 0.5706273986011834E-04    0.3147406473995698E-03    0.2650259846794593E-02
 0.5998987398343435E-04    0.3457598019041108E-03    0.2780558978928369E-02
 0.6306708548249245E-04    0.3795893005250555E-03    0.2916725166274518E-02
 0.6630206898888816E-04    0.4164286136976086E-03    0.3058955030563809E-02
 0.6970291364641513E-04    0.4564783082763374E-03    0.3207445673282114E-02
 0.7327812333813805E-04    0.4999362506818858E-03    0.3362394979466973E-02
 0.7703663795052979E-04    0.5469927361247815E-03    0.3524002402730077E-02
 0.8098785572784418E-04    0.5978243784264712E-03    0.3692470402781904E-02
 0.8514165677262189E-04    0.6525866343914484E-03    0.3868006731639216E-02
 0.8950842775109324E-04    0.7114049529242735E-03    0.4050827771219565E-02
 0.9409908786525382E-04    0.7743648097904676E-03    0.4241163086173036E-02
 0.9892511615655710E-04    0.8415014489486660E-03    0.4439261221364502E-02
 0.1039985802094972E-03    0.9127911891852370E-03    0.4645396462753439E-02
 0.1093321663268559E-03    0.9881477762591240E-03    0.4859875706607352E-02
 0.1149392112520675E-03    0.1067428986815100E-02    0.5083043781147738E-02
 0.1208337355180243E-03    0.1150458535033253E-02    0.5315285000152731E-02
 0.1270304785057119E-03    0.1237063050454879E-02    0.5557019438540367E-02
 0.1335449353003386E-03    0.1327113769243743E-02    0.5808694968575640E-02
 0.1403933954371200E-03    0.1420556610777145E-02    0.6070778712067756E-02
 0.1475929836336018E-03    0.1517421119377589E-02    0.6343751432815767E-02
 0.1551617026103730E-03    0.1617811912620400E-02    0.6628105785308587E-02
 0.1631184781072453E-03    0.1721892768212586E-02    0.6924347190897039E-02
 0.1714832062074601E-03    0.1829871281217814E-02    0.7232995776818071E-02
 0.1802768030882603E-03    0.1941987390250401E-02    0.7554588415519401E-02
 0.1895212573222279E-03    0.2058506050288845E-02    0.7889680488922760E-02
 0.1992396848601690E-03    0.2179713181686163E-02    0.8238847317773624E-02
 0.2094563868330313E-03    0.2305913875245991E-02    0.8602685315190085E-02
 0.2201969103173893E-03    0.2437432036558995E-02    0.8981812946511909E-02
 0.2314881122164428E-03    0.2574610909248813E-02    0.9376871565711223E-02
 0.2433582264162638E-03    0.2717814130046771E-02    0.9788526177613777E-02
 0.2558369343852183E-03    0.2867427117177321E-02    0.1021746615650734E-01
 0.2689554393930972E-03    0.3023858688863856E-02    0.1066440593752939E-01
 0.2827465445355445E-03    0.3187542864546803E-02    0.1113008568796245E-01
 0.2972447347588821E-03    0.3358940832491435E-02    0.1161527195979869E-01
 0.3124862630904384E-03    0.3538543083647100E-02    0.1212075832159488E-01
 0.3285092412899997E-03    0.3726871719864468E-02    0.1264736596564063E-01
 0.3453537351490618E-03    0.3924482948866055E-02    0.1319594428523468E-01
 0.3630618646761771E-03    0.4131969780760714E-02    0.1376737141587732E-01
 0.3816779094189163E-03    0.4349964942699364E-02    0.1436255473343148E-01
 0.4012484191858008E-03    0.4579144029636583E-02    0.1498243130138964E-01
 0.4218223304450712E-03    0.4820228910742502E-02    0.1562796825862063E-01
 0.4434510886913474E-03    0.5073991412373998E-02    0.1630016313793190E-01
 0.4661887770861622E-03    0.5341257300205749E-02    0.1700004410485967E-01
 0.4900922516940355E-03    0.5622910584691118E-02    0.1772867010492968E-01
 0.5152212836522509E-03    0.5919898175835587E-02    0.1848713090648310E-01
 0.5416387086298322E-03    0.6233234915066821E-02    0.1927654702484127E-01
 0.5694105839494456E-03    0.6564009013930176E-02    0.2009806951219550E-01
 0.5986063537651136E-03    0.6913387931335701E-02    0.2095287959608949E-01
 0.6292990227087730E-03    0.7282624723167409E-02    0.2184218814773037E-01
 0.6615653384398801E-03    0.7673064900210293E-02    0.2276723495960557E-01
 0.6954859835545361E-03    0.8086153832549455E-02    0.2372928780999178E-01
 0.7311457773340025E-03    0.8523444740829618E-02    0.2472964128991282E-01
 0.7686338878370852E-03    0.8986607317012405E-02    0.2576961536593015E-01
 0.8080440548667263E-03    0.9477437019505998E-02    0.2685055364982774E-01
 0.8494748243683396E-03    0.9997865089735400E-02    0.2797382134377701E-01
 0.8930297948460028E-03    0.1054996933933114E-01    0.2914080282693497E-01
 0.9388178764126811E-03    0.1113598575909229E-01    0.3035289884663839E-01
 0.9869535631222379E-03    0.1175832100266845E-01    0.3161152327440519E-01
 0.1037557219264207E-02    0.1241956579943484E-01    0.3291809938384704E-01
 0.1090755380337209E-02    0.1312250935222502E-01    0.3427405560433527E-01
 0.1146681069453613E-02    0.1387015477633767E-01    0.3568082070085341E-01
 0.1205474129966599E-02    0.1466573563643597E-01    0.3713981832692548E-01
 0.1267281575151388E-02    0.1551273363747593E-01    0.3865246089384304E-01
 0.1332257955815003E-02    0.1641489752447916E-01    0.4022014269564563E-01
 0.1400565746753787E-02    0.1737626324362621E-01    0.4184423222546549E-01
 0.1472375753025026E-02    0.1840117541358088E-01    0.4352606361495857E-01
 0.1547867537048561E-02    0.1949431015092340E-01    0.4526692712465174E-01
 0.1627229867606365E-02    0.2066069928679834E-01    0.4706805860918932E-01
 0.1710661191862824E-02    0.2190575600305416E-01    0.4893062787771931E-01
 0.1798370131586015E-02    0.2323530190491063E-01    0.5085572586609721E-01
 0.1890576004810793E-02    0.2465559553312798E-01    0.5284435053427976E-01
 0.1987509374248114E-02    0.2617336230130974E-01    0.5489739139934473E-01
 0.2089412623811908E-02    0.2779582582283076E-01    0.5701561261211405E-01
 0.2196540564705118E-02    0.2953074056635988E-01    0.5919963448352009E-01
 0.2309161072580428E-02    0.3138642574839445E-01    0.6144991336579809E-01
 0.2427555757368930E-02    0.3337180033491636E-01    0.6376671979349290E-01
 0.2552020667451633E-02    0.3549641898141475E-01    0.6615011479034953E-01
 0.2682867029934619E-02    0.3777050869021898E-01    0.6859992425065538E-01
 0.2820422028878922E-02    0.4020500590537500E-01    0.7111571130778714E-01
 0.2965029623431102E-02    0.4281159369713115E-01    0.7369674660889937E-01
 0.3117051407900273E-02    0.4560273860933631E-01    0.7634197642321805E-01
 0.3276867515932217E-02    0.4859172665247465E-01    0.7904998852265625E-01
 0.3444877571041508E-02    0.5179269782137408E-01    0.8181897578788160E-01
 0.3621501685878449E-02    0.5522067839847144E-01    0.8464669751100548E-01
 0.3807181512729525E-02    0.5889161016948668E-01    0.8753043838825145E-01
 0.4002381347878166E-02    0.6282237552701959E-01    0.9046696522285982E-01
 0.4207589292587296E-02    0.6703081726750390E-01    0.9345248139070302E-01
 0.4423318473606734E-02    0.7153575169674778E-01    0.9648257915928148E-01
 0.4650108326257341E-02    0.7635697344766985E-01    0.9955218999562519E-01
 0.4888525943300301E-02    0.8151525017966688E-01    0.1026555330508824E+00
 0.5139167492964413E-02    0.8703230507144699E-01    0.1057860620697788E+00
 0.5402659709677190E-02    0.9293078473757303E-01    0.1089364110424486E+00
 0.5679661461227380E-02    0.9923420989331659E-01    0.1120983389951604E+00
 0.5970865396277627E-02    0.1059669057632543E+00    0.1152626744059028E+00
 0.6276999676346912E-02    0.1131539088776760E+00    0.1184192598314146E+00
 0.6598829796593634E-02    0.1208208465296508E+00    0.1215568974446358E+00
 0.6937160499952235E-02    0.1289937847780911E+00    0.1246632963062684E+00
 0.7292837789409701E-02    0.1376990404834794E+00    0.1277250223315312E+00
 0.7666751043453704E-02    0.1469629524600614E+00    0.1307274520634215E+00
 0.8059835239982070E-02    0.1568116064304518E+00    0.1336547315267371E+00
 0.8473073294234534E-02    0.1672705080876208E+00    0.1364897416122716E+00
 0.8907498516592817E-02    0.1783641982200749E+00    0.1392140716270457E+00
 0.9364197196394806E-02    0.1901158035572725E+00    0.1418080028426613E+00
 0.9844311318223727E-02    0.2025465167666208E+00    0.1442505040776930E+00
 0.1034904141746443E-01    0.2156749989081173E+00    0.1465192415584395E+00
 0.1087964958226718E-01    0.2295166976604058E+00    0.1485906055113418E+00
 0.1143746260942544E-01    0.2440830748109818E+00    0.1504397561448095E+00
 0.1202387532205893E-01    0.2593807368979528E+00    0.1520406918715087E+00
 0.1264035405739798E-01    0.2754104635520753E+00    0.1533663427964785E+00
 0.1328844033339037E-01    0.2921661290734066E+00    0.1543886926415931E+00
 0.1396975470329914E-01    0.3096335141508086E+00    0.1550789323820927E+00
 0.1468600080792988E-01    0.3277890064655211E+00    0.1554076489205406E+00
 0.1543896963562008E-01    0.3465981912866004E+00    0.1553450521050833E+00
 0.1623054400064294E-01    0.3660143361475971E+00    0.1548612432887168E+00
 0.1706270325122367E-01    0.3859767773680804E+00    0.1539265284117797E+00
 0.1793752821894113E-01    0.4064092206351632E+00    0.1525117782393221E+00
 0.1885720642189058E-01    0.4272179731569962E+00    0.1505888378852635E+00
 0.1982403753461838E-01    0.4482901311131423E+00    0.1481309870714247E+00
 0.2084043913850618E-01    0.4694917532957232E+00    0.1451134516862429E+00
 0.2190895276698367E-01    0.4906660599881685E+00    0.1415139660952723E+00
 0.2303225026068591E-01    0.5116317052491735E+00    0.1373133842982459E+00
 0.2421314044844671E-01    0.5321811808046463E+00    0.1324963364076196E+00
 0.2545457617083370E-01    0.5520794205864629E+00    0.1270519250351667E+00
 0.2675966166378783E-01    0.5710626864140592E+00    0.1209744540178516E+00
 0.2813166032083016E-01    0.5888378271314026E+00    0.1142641795072001E+00
 0.2957400285324549E-01    0.6050820153325818E+00    0.1069280708177839E+00
 0.3109029586864752E-01    0.6194430771732662E+00    0.9898056562832966E-01
 0.3268433088937651E-01    0.6315405410969686E+00    0.9044430122031050E-01
 0.3436009383328007E-01    0.6409675399053703E+00    0.8135080051202150E-01
 0.3612177498058387E-01    0.6472937066484851E+00    0.7174108880745256E-01
 0.3797377945177492E-01    0.6500692073522983E+00    0.6166621455692578E-01
 0.3992073822269722E-01    0.6488300515778653E+00    0.5118764515903927E-01
 0.4196751970440363E-01    0.6431048140424107E+00    0.4037750707733550E-01
 0.4411924191671926E-01    0.6324228857871905E+00    0.2931863845525694E-01
 0.4638128528595697E-01    0.6163243503401106E+00    0.1810442215315190E-01
 0.4875930609878561E-01    0.5943715476900963E+00    0.6838367855222833E-02
 0.5125925064589297E-01    0.5661623453944593E+00   -0.4366586244580307E-02
 0.5388737009080979E-01    0.5313450806364708E+00   -0.1538907852599230E-01
 0.5665023610107465E-01    0.4896350686046128E+00   -0.2610065757718948E-01
 0.5955475728082583E-01    0.4408324905844822E+00   -0.3636746002855791E-01
 0.6260819644591026E-01    0.3848413795555891E+00   -0.4605224038305103E-01
 0.6581818878470604E-01    0.3216893124944506E+00   -0.5501675091881391E-01
 0.6919276095007051E-01    0.2515472986087393E+00   -0.6312445799512006E-01
 0.7274035113015324E-01    0.1747492242412303E+00   -0.7024356720120487E-01
 0.7646983014826163E-01    0.9181008266369887E-01   -0.7625031369576059E-01
 0.8039052364453982E-01    0.3442086822597519E-02   -0.8103245588480283E-01
 0.8451223539492653E-01   -0.8943235617429655E-01   -0.8449289059452100E-01
 0.8884527182570151E-01   -0.1856719276571182E+00   -0.8655328677852833E-01
 0.9340046778491957E-01   -0.2839131190922248E+00   -0.8715761364405014E-01
 0.9818921363517440E-01   -0.3825735893528849E+00   -0.8627541949439139E-01
 0.1032234837354379E+00   -0.4798633050442470E+00   -0.8390470165693685E-01
 0.1085158663831950E+00   -0.5738044851536405E+00   -0.8007419809394536E-01
 0.1140795952917440E+00   -0.6622611570395246E+00   -0.7484493032499613E-01
 0.1199285826813733E+00   -0.7429788226246881E+00   -0.6831083756174315E-01
 0.1260774540671584E+00   -0.8136343328126208E+00   -0.6059836522541657E-01
 0.1325415848303679E+00   -0.8718955843226838E+00   -0.5186490784399136E-01
 0.1393371386649252E+00   -0.9154901050443828E+00   -0.4229605567443730E-01
 0.1464811079950624E+00   -0.9422810085960355E+00   -0.3210165339637733E-01
 0.1539913564652325E+00   -0.9503482088133499E+00   -0.2151074333103078E-01
 0.1618866636085246E+00   -0.9380722255986030E+00   -0.1076552913645620E-01
 0.1701867718052788E+00   -0.9042174184182057E+00   -0.1145528508442783E-03
 0.1789124356493201E+00   -0.8480110810660263E+00    0.1019467657924514E-01
 0.1880854738452541E+00   -0.7692145424602068E+00    0.1992333463485791E-01
 0.1977288237665927E+00   -0.6681822585195915E+00    0.2884892835631516E-01
 0.2078665988111361E+00   -0.5459048628701608E+00    0.3677265242303134E-01
 0.2185241486970266E+00   -0.4040322866594684E+00    0.4352617267668341E-01
 0.2297281228502490E+00   -0.2448733881211393E+00    0.4897756407561459E-01
 0.2415065370420756E+00   -0.7136909271508919E-01    0.5303613832014442E-01
 0.2538888434430882E+00    0.1129631119934198E+00    0.5565590455838507E-01
 0.2669060042689446E+00    0.3041143030676254E+00    0.5683741950613962E-01
 0.2805905692020456E+00    0.4976982990462624E+00    0.5662781017011825E-01
 0.2949767567826956E+00    0.6890924143676717E+00    0.5511880453967870E-01
 0.3101005399732767E+00    0.8736001527234299E+00    0.5244269299675198E-01
 0.3259997361093921E+00    0.1046628946102781E+01    0.4876626974536438E-01
 0.3427141014629037E+00    0.1203873963917566E+01    0.4428296353367722E-01
 0.3602854306533192E+00    0.1341497421433049E+01    0.3920354328515731E-01
 0.3787576611561113E+00    0.1456292023456559E+01    0.3374595031066865E-01
 0.3981769831692922E+00    0.1545817432862070E+01    0.2812493343612393E-01
 0.4185919551129680E+00    0.1608500062726445E+01    0.2254221862859444E-01
 0.4400536250506819E+00    0.1643688983975475E+01    0.1717791339730634E-01
 0.4626156583361626E+00    0.1651664060884747E+01    0.1218372760333025E-01
 0.4863344718046623E+00    0.1633596173136004E+01    0.7678403143405377E-02
 0.5112693748444305E+00    0.1591463085668992E+01    0.3745515999246409E-02
 0.5374827177010773E+00    0.1527927741600051E+01    0.4335825612611568E-03
 0.5650400473856650E+00    0.1446188142323847E+01   -0.2241797317957608E-02
 0.5940102715763773E+00    0.1349809366266852E+01   -0.4294170625939688E-02
 0.6244658309236064E+00    0.1242548655692498E+01   -0.5761319928911622E-02
 0.6564828801893130E+00    0.1128183998736606E+01   -0.6699706400991020E-02
 0.6901414786735977E+00    0.1010355460274181E+01   -0.7178723284095584E-02
 0.7255257904046520E+00    0.8924268965632717E+00   -0.7275144267443764E-02
 0.7627242945926684E+00    0.7773738202472726E+00   -0.7068065698134247E-02
 0.8018300068739527E+00    0.6677012056795322E+00   -0.6634555633434284E-02
 0.8429407118984635E+00    0.5653930306989293E+00   -0.6046144250203020E-02
 0.8861592078423725E+00    0.4718934024423939E+00   -0.5366221525956435E-02
 0.9315935634570484E+00    0.3881172729761285E+00   -0.4648348681619192E-02
 0.9793573882972270E+00    0.3144870956550621E+00   -0.3935438052224006E-02
 0.1029570116804074E+01    0.2509904079435575E+00   -0.3259711192754647E-02
 0.1082357306953498E+01    0.1972523625875689E+00   -0.2643308164818615E-02
 0.1137850954216494E+01    0.1526167612961473E+00   -0.2099394432954752E-02
 0.1196189821616567E+01    0.1162292233510626E+00   -0.1633598211924168E-02
 0.1257519786709578E+01    0.8711673072373360E-01   -0.1245612031244113E-02
 0.1321994206353610E+01    0.6425884627497055E-01   -0.9308074102865247E-03
 0.1389774300181000E+01    0.4664725922815106E-01   -0.6817384221273082E-03
 0.1461029553731390E+01    0.3333179609028596E-01   -0.4894444147961304E-03
 0.1535938142253860E+01    0.2345246734162669E-01   -0.3444992792440406E-03
 0.1614687376237858E+01    0.1625834945629889E-01   -0.2377896213210878E-03
 0.1697474169786987E+01    0.1111502473557057E-01   -0.1610332659668523E-03
 0.1784505533006835E+01    0.7502871143672352E-02   -0.1070704735784728E-03
 0.1875999089638066E+01    0.5008717787418539E-02   -0.6997246011465196E-04
 0.1972183621229121E+01    0.3313308375189354E-02   -0.4501601177300964E-04
 0.2073299639209264E+01    0.2176721013046866E-02   -0.2857080589156989E-04
 0.2179599986292427E+01    0.1423464158733224E-02   -0.1793954360747871E-04
 0.2291350468715695E+01    0.9284874051131469E-03   -0.1118221307901320E-04
 0.2408830520893354E+01    0.6048797129295610E-03   -0.6946478486066056E-05
 0.2532333904148474E+01    0.3936247522748751E-03   -0.4317612015763726E-05
 0.2662169441269232E+01    0.2554701546050529E-03   -0.2694336182644426E-05
 0.2798661788726742E+01    0.1647527700505472E-03   -0.1691752720493795E-05
 0.2942152248485335E+01    0.1048987196166196E-03   -0.1069179070598645E-05
 0.3092999621435251E+01    0.6526875627442876E-04   -0.6789361866133761E-06
 0.3251581104581752E+01    0.3902537202933351E-04   -0.4315535878859841E-06
 0.3418293234234111E+01    0.2173729470938095E-04   -0.2730762032445225E-06
 0.3593552877552928E+01    0.1049160348427071E-04   -0.1708128376274879E-06
 0.3777798274935171E+01    0.3340410027175879E-05   -0.1046801214619107E-06
 0.3971490135843438E+01   -0.1040349173543891E-05   -0.6208404923331069E-07
 0.4175112790819585E+01   -0.3561874645853707E-05   -0.3494424866644336E-07
 0.4389175402563355E+01   -0.4855192370797243E-05   -0.1796971035779653E-07
 0.4614213239104344E+01   -0.5357101153689499E-05   -0.7646386071903659E-08
 0.4850789012250877E+01   -0.5367839138833257E-05   -0.1625171186831904E-08
 0.5099494284662639E+01   -0.5091060046874183E-05    0.1662831171873376E-08
 0.5360950949065451E+01   -0.4662213001593276E-05    0.3257833655116196E-08
 0.5635812783307012E+01   -0.4168948083999387E-05    0.3840868367138936E-08
 0.5924767085142062E+01   -0.3665831167404485E-05    0.3850045610584710E-08
 0.6228536390834766E+01   -0.3184910495890487E-05    0.3560748432530355E-08
 0.6547880281875716E+01   -0.2743237983595953E-05    0.3140786448008222E-08
 0.6883597284331323E+01   -0.2348161026656282E-05    0.2688013576150990E-08
 0.7236526865574901E+01   -0.2000994879188139E-05    0.2255701411516268E-08
 0.7607551533392368E+01   -0.1699530220857941E-05    0.1869440687966090E-08
 0.7997599042711387E+01   -0.1439710950868936E-05    0.1538247763450798E-08
 0.8407644715471930E+01   -0.1216726048945883E-05    0.1261752400099910E-08
 0.8838713879439149E+01   -0.1025691047690725E-05    0.1034761107997264E-08
 0.9291884432056865E+01   -0.8620447378087955E-06    0.8500777418198774E-09
 0.9768289535752617E+01   -0.7217509535427901E-06    0.7001743014679520E-09
 0.1026912045143399E+02   -0.6013699459736572E-06    0.5781109778287051E-09
 0.1079562951726135E+02   -0.4980461446036398E-06    0.4779707761978608E-09
 0.1134913328014559E+02   -0.4094462322679154E-06    0.3949912469986002E-09
 0.1193101578780117E+02   -0.3336724497365334E-06    0.3255125691506592E-09
 0.1254273204958628E+02   -0.2691687044081995E-06    0.2668288053718569E-09
 0.1318581167478415E+02   -0.2146318313382054E-06    0.2169960621585008E-09
 0.1386186269742300E+02   -0.1689356904639411E-06    0.1746358518820540E-09
 0.1457257559719868E+02   -0.1310720396480996E-06    0.1387598084516467E-09
 0.1531972752655444E+02   -0.1001097423525850E-06    0.1086198754571703E-09
 0.1610518675448773E+02   -0.7517034726912984E-07    0.8360612762864145E-10
 0.1693091733819582E+02   -0.5541870014940994E-07    0.6316374159314971E-10
 0.1779898403424185E+02   -0.4006297297782638E-07    0.4676502095857512E-10
 0.1871155746152166E+02   -0.2836274357873860E-07    0.3387677065367499E-10
 0.1967091952894174E+02   -0.1963827791504935E-07    0.2397932042307149E-10
 0.2067946914138002E+02   -0.1328124974305895E-07    0.1655964399966612E-10
 0.2173972819819762E+02   -0.8761185208775107E-08    0.1114420588941511E-10
 0.2285434789930087E+02   -0.5629740537011410E-08    0.7294129553596663E-11
 0.2402611537452199E+02   -0.3518351112323486E-08    0.4645985318446764E-11
 0.2525796065289547E+02   -0.2136314234154855E-08    0.2855775390634714E-11
 0.2655296398925679E+02   -0.1256534801761517E-08    0.1729180869276016E-11
 0.2791436356648396E+02   -0.7176150510073004E-09    0.9663639296747702E-12
 0.2934556359264142E+02   -0.3932576764286095E-09    0.5557978290937897E-12
 0.3085014281327337E+02   -0.2115627118484523E-09    0.2593326563416240E-12
